S.No,Candidate,Party,EVM Votes,Postal Votes,Total Votes,Percentage of votes
1,KULDEEP INDORA,Indian National Congress,719896,6596,726492,51.4
2,PRIYANKA BALAN MEGHWAL,Bharatiya Janata Party,632097,6242,638339,45.16
3,DEVKARAN NAYAK,Bahujan Samaj Party,16090,212,16302,1.15
4,RAJKUMAR,Independent,4350,25,4375,0.31
5,KULWANT KAUR,Indian Peoples Green Party,4338,24,4362,0.31
6,DAYA RAM,Independent,3285,434,3719,0.26
7,RAJENDER KUMAR,Bhartiya Jan Samman Party,2383,60,2443,0.17
8,KANA RAM,Independent,2248,18,2266,0.16
9,MAJOR SINGH,Jai Hind Congress Party,2075,26,2101,0.15
10,NOTA,None of the Above,12940,155,13095,0.93
1,BHAJAN LAL JATAV,Indian National Congress,525379,4632,530011,53.64
2,INDU DEVI,Bharatiya Janata Party,426798,4268,431066,43.62
3,VIKRAM SINGH,Bahujan Samaj Party,14005,107,14112,1.43
4,RAMKHILADI DHOVI,Independent,5426,47,5473,0.55
5,NOTA,None of the Above,7402,58,7460,0.75
1,MURARI LAL MEENA,Indian National Congress,636868,9398,646266,60.24
2,KANHAIYA LAL MEENA,Bharatiya Janata Party,404309,4617,408926,38.12
3,SONU DHANKA,Bahujan Samaj Party,6752,45,6797,0.63
4,"DR. RAM ROOP MEENA, ADVOCATE",Independent,2701,20,2721,0.25
5,MOHAN LAL MEENA,Independent,2164,14,2178,0.2
6,NOTA,None of the Above,5789,57,5846,0.54
1,HARISH CHANDRA MEENA,Indian National Congress,617137,6626,623763,50.85
2,SUKHBIR SINGH JAUNAPURIA,Bharatiya Janata Party,553309,5505,558814,45.56
3,PRAHALAD MALI,Bahujan Samaj Party,13089,55,13144,1.07
4,GANESH MEENA,Indian Peoples Green Party,7425,8,7433,0.61
5,MAKHAN LAL MEENA,Independent,3314,10,3324,0.27
6,JASRAM MEENA,Independent,3044,1,3045,0.25
7,VIJENDRA,Aazad Samaj Party (Kanshi Ram),2669,28,2697,0.22
8,GIRRAJ PRASAD MEENA,Independent,2512,9,2521,0.21
9,JAGDISH PRASAD MEENA,Bharat Adivasi Party,1366,7,1373,0.11
10,DULI CHAND SAINI,Rajasthan Raj Party,1253,11,1264,0.1
11,JAGDISH PRASAD SHARMA,Bheem Tribal Congress,1023,6,1029,0.08
12,NOTA,None of the Above,8105,72,8177,0.67
1,BHAGIRATH CHOUDHARY,Bharatiya Janata Party,741151,6311,747462,62.23
2,RAMCHANDRA CHOUDHARY,Indian National Congress,413685,3786,417471,34.76
3,RAMDEV,Bahujan Samaj Party,4896,48,4944,0.41
4,SURENDRA SINGH RANAVAT,Independent,4348,25,4373,0.36
5,MUKESH GENA,Bharatiya Yuva Jan Ekta Party,3187,9,3196,0.27
6,JITENDRA BOYAT,Aazad Samaj Party (Kanshi Ram),2608,25,2633,0.22
7,SATYANARAYAN MALI,Independent,2409,11,2420,0.2
8,VISHRAM BABU,Independent,1517,7,1524,0.13
9,SHABUDADIN,National Future Party,1190,7,1197,0.1
10,YUSUF,Independent,988,12,1000,0.08
11,PREM LATA,Independent,988,167,1155,0.1
12,BHAWARLAL SONI,Independent,868,70,938,0.08
13,RAMLAL,Akhil Bhartiya Aamjan Party,807,11,818,0.07
14,DAYA MOHAN GARG,Independent,644,2,646,0.05
15,NOTA,None of the Above,11290,112,11402,0.95
1,HANUMAN BENIWAL,Rashtriya Loktantrik Party,591460,5495,596955,48.2
2,JYOTI MIRDHA,Bharatiya Janata Party,550304,4426,554730,44.79
3,DR ASHOK CHOUDHARY,Abhinav Rajasthan Party,26251,43,26294,2.12
4,DR. GAJENDRA SINGH RATHORE,Bahujan Samaj Party,23551,457,24008,1.94
5,RAJKUMAR JAT,Independent,8219,13,8232,0.66
6,HARI RAM,Independent,7610,16,7626,0.62
7,PREMRAJ KHARDIYA,Independent,4504,8,4512,0.36
8,AMEEN KHAN,Independent,4439,24,4463,0.36
9,HANUMAN SINGH KALVI,Rashtriya Janshakti Party (Secular),2862,20,2882,0.23
10,NOTA,None of the Above,8711,60,8771,0.71
1,P. P. CHAUDHARY,Bharatiya Janata Party,750568,6821,757389,55.94
2,SANGEETA BENIWAL,Indian National Congress,505754,6284,512038,37.82
3,LAL SINGH DEWASI,Independent,18848,154,19002,1.4
4,HUKAM SINGH,Independent,16835,262,17097,1.26
5,MAHENDRA REGAR,Bahujan Samaj Party,11054,47,11101,0.82
6,JEEVARAM RANA,Bharat Adivasi Party,8325,22,8347,0.62
7,SHRAWAN RAM DEWASI,Independent,5585,8,5593,0.41
8,MUKESH SAINI,Independent,2471,52,2523,0.19
9,BASTIRAM,Indian Peoples Green Party,1570,16,1586,0.12
10,BHIYARAM,Independent,1335,10,1345,0.1
11,ANAND KUMAR PARIHAR,Independent,1327,8,1335,0.1
12,KESARAM,Independent,1327,18,1345,0.1
13,DEEPAK BAMNIYA,Independent,1256,32,1288,0.1
14,NOTA,None of the Above,13763,90,13853,1.02
1,GAJENDRA SINGH SHEKHAWAT,Bharatiya Janata Party,722978,7078,730056,52.76
2,KARAN SINGH UCHIYARDA,Indian National Congress,608228,6151,614379,44.4
3,SUNIL KUMAR PAREEK,Independent,7424,5,7429,0.54
4,MANJU MEGHWAL,Bahujan Samaj Party,6347,48,6395,0.46
5,ANANDARAM URF ANAND CHAUHAN,Aazad Samaj Party (Kanshi Ram),3662,18,3680,0.27
6,SUNIL BHANDARI,Independent,3236,2,3238,0.23
7,VISHEK VISHNOI,Independent,1718,32,1750,0.13
8,SHIVA RAM,Independent,1191,4,1195,0.09
9,LIKHAMA RAM,Independent,1123,2,1125,0.08
10,NARESH KANDARA,Independent,1007,20,1027,0.07
11,SATYANARAYAN,Bharatiya Sampuran Krantikari Party,776,6,782,0.06
12,PAPPU DAN,Right to Recall Party,650,4,654,0.05
13,SHAHNAZ BANO,Dalit Kranti Dal,546,1,547,0.04
14,RAM DAYAL BISHNOI,Rashtriya Janshakti Party (Secular),491,12,503,0.04
15,BHOM SINGH,Indian Peoples Green Party,483,4,487,0.04
16,NOTA,None of the Above,10511,80,10591,0.77
1,UMMEDA RAM BENIWAL,Indian National Congress,699122,5554,704676,41.74
2,RAVINDRA SINGH BHATI,Independent,581865,4635,586500,34.74
3,KAILASH CHOUDHARY,Bharatiya Janata Party,284527,2206,286733,16.99
4,TARARAM MEHNA,Independent,49768,189,49957,2.96
5,PRATAPA RAM,Independent,8282,36,8318,0.49
6,HANIPH,Independent,7755,5,7760,0.46
7,LEELA RAM,Bahujan Samaj Party,7557,28,7585,0.45
8,PRABHU RAM,Aazad Samaj Party (Kanshi Ram),6381,15,6396,0.38
9,RAMA RAM,Independent,6031,10,6041,0.36
10,POPAT LAL,Independent,3117,42,3159,0.19
11,DEVILAL JAIN,Independent,3016,7,3023,0.18
12,NOTA,None of the Above,17893,10,17903,1.06
1,LUMBARAM,Bharatiya Janata Party,793705,3078,796783,54.91
2,VAIBHAV GEHLOT,Indian National Congress,592204,3036,595240,41.02
3,OTARAM,Bharat Adivasi Party,10077,32,10109,0.7
4,SHAKUR,Independent,9866,6,9872,0.68
5,MOTI LAL,Aazad Samaj Party (Kanshi Ram),4579,7,4586,0.32
6,RAMESH KUMAR BHANDARI,Independent,3909,1,3910,0.27
7,DEVARAM,Independent,3126,8,3134,0.22
8,KALURAM MEGHWAL,Independent,2258,5,2263,0.16
9,DINESH SINGH,Independent,2094,11,2105,0.15
10,TIKMA RAM BHATI,Bheem Tribal Congress,1653,7,1660,0.11
11,DALARAM,Independent,1493,15,1508,0.1
12,FOJARAM,Indian Peoples Green Party,1493,4,1497,0.1
13,NOTA,None of the Above,18439,20,18459,1.27
1,MANNA LAL RAWAT,Bharatiya Janata Party,732757,5529,738286,49.27
2,TARACHAND MEENA,Indian National Congress,473167,3511,476678,31.81
3,PRAKASH CHAND,Bharat Adivasi Party,215390,1748,217138,14.49
4,DALPAT RAM GARASIA,Bahujan Samaj Party,14427,33,14460,0.97
5,DR. SAVITA KUMARI AHARI,Independent,8130,32,8162,0.54
6,PRABHULAL MEENA,Independent,7972,24,7996,0.53
7,RAJENDRA KUMAR MEENA,Indian Peoples Green Party,6752,25,6777,0.45
8,KANJI LAL DAMOR,Independent,5912,19,5931,0.4
9,NOTA,None of the Above,22848,100,22948,1.53
1,ARJUN RAM MEGHWAL,Bharatiya Janata Party,561240,5497,566737,50.68
2,GOVINDRAM MEGHWAL,Indian National Congress,506966,4060,511026,45.7
3,KHETA RAM,Bahujan Samaj Party,8249,50,8299,0.74
4,ATMA RAM GUJARATI,Independent,6267,14,6281,0.56
5,RATANI DEVI,Independent,3894,32,3926,0.35
6,SATYANARAYAN DEVRA,Independent,2958,8,2966,0.27
7,PUKHRAJ NAYAK,Independent,2621,54,2675,0.24
8,BABU LAL,Independent,2010,9,2019,0.18
9,GOPI CHAND MEGHWAL,Independent,1787,8,1795,0.16
10,NOTA,None of the Above,12431,127,12558,1.12
1,RAJ KUMAR ROAT,Bharat Adivasi Party,815430,5401,820831,50.15
2,MAHENDRAJEETSINGH MALVIYA,Bharatiya Janata Party,568589,5188,573777,35.05
3,RAJKUMAR S/O HIRALAL,Independent,74551,47,74598,4.56
4,ARVIND SITA DAMOR,Indian National Congress,60917,294,61211,3.74
5,RAJKUMAR S/O PREMJI,Independent,41742,48,41790,2.55
6,BANSHILAL AHARI,Independent,17884,12,17896,1.09
7,SHANKARLAL BAMANIYA,Indian Peoples Green Party,17169,19,17188,1.05
8,DILEEP KUMAR MEENA,Bahujan Samaj Party,8573,18,8591,0.52
9,NOTA,None of the Above,20892,78,20970,1.28
1,CHANDRA PRAKASH JOSHI,Bharatiya Janata Party,882334,5868,888202,59.26
2,ANJANA UDAILAL,Indian National Congress,495177,3148,498325,33.25
3,BHIL ADIVASI MANGILAL NANAMA,Bharat Adivasi Party,42243,568,42811,2.86
4,RAMESHWAR LAL BAIRWA (INDORA),Independent,9536,3,9539,0.64
5,KUMAWAT RAMESH CHANDRA,Independent,8834,8,8842,0.59
6,MEGHWAL RADHESHYAM,Bahujan Samaj Party,8578,35,8613,0.57
7,SHYAM LAL MEGHWAL,Independent,7901,6,7907,0.53
8,BAPU LAL ANJANA,Independent,7837,9,7846,0.52
9,PRAKASH DHAKAR,Ekam Sanatan Bharat Dal,3915,10,3925,0.26
10,PRATAP SINGH,Independent,3342,5,3347,0.22
11,AZAD PRAKASH CHANDRA MEGHWAL,Akhil Bharatiya Congress Dal (Ambedkar),2764,13,2777,0.19
12,JOGENDRA SINGH HODA,Independent,2294,8,2302,0.15
13,GAJENDRA,Independent,1637,7,1644,0.11
14,KALYAN SINGH BHATI,Independent,1544,18,1562,0.1
15,MAHAVIR PRASAD KUMAWAT,Right to Recall Party,1539,10,1549,0.1
16,KAMAL,Independent,1490,8,1498,0.1
17,MOHAMMAD WAHID KHAN,Pehchan People’s Party,1216,12,1228,0.08
18,SITA RAM AHIR,Vishva Shakti Party,1203,23,1226,0.08
19,NOTA,None of the Above,5518,72,5590,0.37
1,MAHIMA KUMARI MEWAR,Bharatiya Janata Party,775243,5960,781203,64.4
2,DR. DAMODAR GURJAR,Indian National Congress,385359,3621,388980,32.06
3,RAMAKISHAN BHADU,Bahujan Samaj Party,9097,38,9135,0.75
4,NEERU RAM KAPRI,Independent,7820,11,7831,0.65
5,DHARAM SINGH RAWAT,Independent,3993,60,4053,0.33
6,NARAYAN SONI,Independent,3367,7,3374,0.28
7,GHANSHYAM SINGH,Bhartiya Jan Adhikar Party,1917,23,1940,0.16
8,JITENDRA KUMAR KHATIK,Independent,1802,13,1815,0.15
9,DR. ARPIT CHHAJER,Independent,1235,9,1244,0.1
10,PRAMOD KUMAR VERMA,Bheem Tribal Congress,1134,10,1144,0.09
11,NOTA,None of the Above,12339,72,12411,1.02
1,DAMODAR AGARWAL,Bharatiya Janata Party,803193,4447,807640,61.92
2,C P JOSHI,Indian National Congress,449528,3506,453034,34.73
3,RAMESHWAR LAL BAIRWA,Bahujan Samaj Party,8243,40,8283,0.64
4,RAJESH PATNI,Independent,8013,5,8018,0.61
5,JAYKISHAN,Viro Ke Vir Indian Party,4061,23,4084,0.31
6,MOTILAL SINGHANIA,Independent,3871,16,3887,0.3
7,NARAYAN LAL JAT,Independent,1643,41,1684,0.13
8,PAWAN KUMAR SHARMA,Right to Recall Party,1609,8,1617,0.12
9,ANURAG AROT,Independent,1406,19,1425,0.11
10,VIJAY KUMAR SONI,Bhartiya Garib Vikas Kalyan Party,1340,7,1347,0.1
11,NOTA,None of the Above,13337,39,13376,1.03
1,OM BIRLA,Bharatiya Janata Party,744396,6100,750496,50.03
2,PRAHLAD GUNJAL,Indian National Congress,702623,5899,708522,47.23
3,DHANRAJ YADAV,Bahujan Samaj Party,7547,28,7575,0.5
4,ASHISH YOGI,Ekam Sanatan Bharat Dal,5756,19,5775,0.38
5,LAKSHMICHAND,Independent,3890,2,3892,0.26
6,SATYENDRA KUMAR JAIN,Independent,2520,1,2521,0.17
7,RAMNATH MEHRA,Independent,2407,15,2422,0.16
8,MOINUDDIN,Independent,1854,6,1860,0.12
9,BHANWAR KUMAR RAWAL,Independent,1102,29,1131,0.08
10,BALDEV SINGH FOJI,Bharatheeya Jawan Kisan Party,1066,3,1069,0.07
11,TARUN GOCHAR,Right to Recall Party,992,8,1000,0.07
12,KAILASHI ANIL JAIN,Independent,990,4,994,0.07
13,KAMAL KUMAR BAIRWA,Independent,965,49,1014,0.07
14,ABDUL ASIF,Independent,860,5,865,0.06
15,OM PRAKASH SHAKYAWAL,Independent,757,3,760,0.05
16,NOTA,None of the Above,10176,85,10261,0.68
1,DUSHYANT SINGH,Bharatiya Janata Party,861850,3526,865376,60.88
2,URMILA JAIN “BHAYA”,Indian National Congress,492342,2045,494387,34.78
3,CHANDRA SINGH KIRAD,Bahujan Samaj Party,12252,33,12285,0.86
4,RAVI RAJ SINGH,Independent,10231,43,10274,0.72
5,BHUVANESH KUMAR,Right to Recall Party,9324,21,9345,0.66
6,BABULAL,Independent,7668,24,7692,0.54
7,PANKAJ PAJANTORIVALA,Independent,5927,18,5945,0.42
8,NOTA,None of the Above,15958,69,16027,1.13
1,RAHUL KASWAN,Indian National Congress,719352,8859,728211,51.12
2,DEVENDRA JHAJHARIA,Bharatiya Janata Party,647891,7583,655474,46.01
3,DEIRAM MEGHWAL,Bahujan Samaj Party,11145,126,11271,0.79
4,RAMESH KUMAR,Independent,5720,4,5724,0.4
5,GOMATI DHARAMPAL KATARIA,Bharat Rakshak Party (Democratic),4937,24,4961,0.35
6,SUKHDEV,Independent,4550,9,4559,0.32
7,RANVEER SINGH,Independent,1809,3,1812,0.13
8,BISAN SINGH,Independent,1571,73,1644,0.12
9,DAULAT RAM PENSIA,National Janmandal Party,1178,15,1193,0.08
10,YUSUF ALI KHAN,Independent,1176,54,1230,0.09
11,SHISHPAL SINGH RANA,Bheem Tribal Congress,671,4,675,0.05
12,NIRANJAN SINGH RATHORE,Independent,648,20,668,0.05
13,ASLAM LILGAR,Independent,558,9,567,0.04
14,NOTA,None of the Above,6583,73,6656,0.47
1,BRIJENDRA SINGH OLA,Indian National Congress,541203,11965,553168,49.44
2,SHUBHKARAN CHOUDHARY,Bharatiya Janata Party,523669,11264,534933,47.81
3,SHEKHAWAT RAJENDRA SINGH,Independent,7389,301,7690,0.69
4,BANSHIDHAR,Bahujan Samaj Party,6679,188,6867,0.61
5,DURGA PRASAD MEENA,Ambedkarite Party of India,5440,57,5497,0.49
6,ALTIF,Independent,2025,25,2050,0.18
7,SATYANARAYAN,Bheem Tribal Congress,1127,23,1150,0.1
8,HAZARI LAL,Bahujan Kranti Party (Marxwad-Ambedkarwad),922,18,940,0.08
9,NOTA,None of the Above,6454,178,6632,0.59
1,AMRARAM,Communist Party of India (Marxist),645559,13741,659300,50.68
2,SUMEDHANAND SARASWATI,Bharatiya Janata Party,574740,11664,586404,45.08
3,SURESH PAREEK,Independent,10014,7,10021,0.77
4,AMARCHAND,Bahujan Samaj Party,8293,326,8619,0.66
5,VISHNU KUMAR NATRAJ,Independent,5796,7,5803,0.45
6,RAVINDRA SINGH SHEKHAWAT,Independent,5775,250,6025,0.46
7,ASHOK SEHRA,Ambedkarite Party of India,5333,49,5382,0.41
8,DHIRENDRA VERMA,Ummeed Party of India,2885,59,2944,0.23
9,MAHESH KUMAR,Independent,1962,94,2056,0.16
10,BENI PRASAD KAUSHIK (LATA),Rashtriya Sawarn Dal,1720,11,1731,0.13
11,RAMESH SHARMA,Bhartiya Party,1516,33,1549,0.12
12,VIJENDER MAHARIA,Bharatiya Yuva Jan Ekta Party,1421,30,1451,0.11
13,OM PRAKASH,Independent,1182,42,1224,0.09
14,BIRBALSINGH,Independent,1034,47,1081,0.08
15,NOTA,None of the Above,7081,185,7266,0.56
1,RAO RAJENDRA SINGH,Bharatiya Janata Party,608189,9688,617877,48.96
2,ANIL CHOPRA,Indian National Congress,602293,13969,616262,48.83
3,HANUMAN SAHAY,Bahujan Samaj Party,3773,77,3850,0.31
4,RAMSINGH KASANA,Independent,3701,6,3707,0.29
5,DR DASHRATH HINUNIA,Ambedkarite Party of India,2669,12,2681,0.21
6,KAHANVI BOHRA,Independent,1658,53,1711,0.14
7,DR RAM ROOP MEENA ADVOCATE,Independent,1589,15,1604,0.13
8,NEHA SINGH GURJAR,Independent,1378,29,1407,0.11
9,PRAKASH KUMAR SHARMA,Independent,1033,7,1040,0.08
10,AJAY BHAT,Republican Party of India (A),931,17,948,0.08
11,DEVHANS,Independent,924,17,941,0.07
12,DR OM SINGH MEENA SEHARA,Independent,676,58,734,0.06
13,ADITYA PRAKASH SHARMA,Right to Recall Party,650,16,666,0.05
14,YOGI JEETENDRA NATH ADVOCATE,Rashtriya Sawarn Dal,556,6,562,0.04
15,ADVOCATE HARI KISHAN TIWARI,Bheem Tribal Congress,541,4,545,0.04
16,NOTA,None of the Above,7405,114,7519,0.6
1,MANJU SHARMA,Bharatiya Janata Party,878643,8207,886850,60.61
2,PRATAP SINGH KHACHARIYAWAS,Indian National Congress,549424,5659,555083,37.93
3,RAJESH TANWAR,Bahujan Samaj Party,3420,41,3461,0.24
4,HARI NARAYAN MEENA,Independent,2193,9,2202,0.15
5,RAJEEV ROLIWAL,Independent,962,8,970,0.07
6,YOGESH SHARMA,Independent,811,5,816,0.06
7,NARENDER SHARMA,Rashtriya Sanatan Party,665,4,669,0.05
8,KULDEEP SINGH,Socialist Unity Centre Of India (COMMUNIST),605,10,615,0.04
9,DR. ASEEM VERMA,Independent,562,10,572,0.04
10,PRADEEP VERMA,Indian Peoples Green Party,445,3,448,0.03
11,ADVOCATE HARI KISHAN TIWARI,Bheem Tribal Congress,384,16,400,0.03
12,SHASHANK SINGH ARYA,Right to Recall Party,372,21,393,0.03
13,TRILOK TIWARI,Rashtriya Samta Vikas Party,344,7,351,0.02
14,NOTA,None of the Above,10280,148,10428,0.71
1,BHUPENDER YADAV,Bharatiya Janata Party,624110,7882,631992,50.42
2,LALIT YADAV,Indian National Congress,575964,7746,583710,46.57
3,FAZAL HUSSAIN,Bahujan Samaj Party,19178,109,19287,1.54
4,PARDEEP KUMAR,Sarv Samaj Party,4339,23,4362,0.35
5,VIVEK JAIN,Independent,2429,9,2438,0.19
6,RAMBABU SHARMA,Independent,2207,25,2232,0.18
7,AMIT GUPTA,Independent,1366,23,1389,0.11
8,CHHAGAN LAL,Independent,1291,36,1327,0.11
9,VISHVNATH KHINCHI,Hindustan Janta Party,862,17,879,0.07
10,NOTA,None of the Above,5727,95,5822,0.46
1,SANJNA JATAV,Indian National Congress,572808,7082,579890,51.18
2,RAMSWAROOP KOLI,Bharatiya Janata Party,519269,8638,527907,46.59
3,ANJILA JATAV,Bahujan Samaj Party,9298,210,9508,0.84
4,ANEETA,Independent,5027,92,5119,0.45
5,PURUSHOTTAM LAL,Independent,2730,17,2747,0.24
6,PUSHPENDAR KUMAR,Independent,2374,12,2386,0.21
7,NOTA,None of the Above,5344,99,5443,0.48
