S.No,Candidate,Party,EVM Votes,Postal Votes,Total Votes,Percentage of votes
1,IMRAN MASOOD,Indian National Congress,547383,584,547967,44.57
2,RAGHAV LAKHANPAL,Bharatiya Janata Party,482120,1305,483425,39.32
3,MAJID ALI,Bahujan Samaj Party,179994,359,180353,14.67
4,MOHD INAM,Akhil Bhartiya Parivar Party,5392,8,5400,0.44
5,SHABNAM,Independent,2370,3,2373,0.19
6,SHAHBAJ,Independent,1696,2,1698,0.14
7,RASHID KHAN,Independent,1227,3,1230,0.1
8,TASMEEM BANO,Independent,883,2,885,0.07
9,RAJKUMAR,Independent,807,6,813,0.07
10,KAMRAN,Independent,744,1,745,0.06
11,NOTA,None of the Above,4559,7,4566,0.37
1,ARUN GOVIL,Bharatiya Janata Party,544375,2094,546469,46.21
2,SUNITA VERMA,Samajwadi Party,535009,875,535884,45.32
3,DEVVRAT KUMAR TYAGI,Bahujan Samaj Party,86693,332,87025,7.36
4,BHUPENDRA PAL URF BHUPPI BHAI,Rashtriya Shoshit Samaj Party,2615,11,2626,0.22
5,HAJI AFZAL,Sabse Achchhi Party,2026,3,2029,0.17
6,ABID HUSAIN,Social Democratic Party Of India,1917,5,1922,0.16
7,LIYAKAT,Majloom Samaj Party,891,3,894,0.08
8,DR HIMANSHU BHATNAGAR,Jai Hind National Party,848,6,854,0.07
9,NOTA,None of the Above,4738,38,4776,0.4
1,DR RAJKUMAR SANGWAN,Rashtriya Lok Dal,485765,3202,488967,52.36
2,AMARPAL,Samajwadi Party,328487,1021,329508,35.29
3,PRAVEEN BANSAL,Bahujan Samaj Party,91740,526,92266,9.88
4,MUKESH KUMAR SHARMA,Azad Adhikar Sena,5441,82,5523,0.59
5,MAHENDER SINGH,Sarvjan Samta Party,4957,63,5020,0.54
6,SUKHVIR SINGH,Swatantra Jantaraj Party,4056,43,4099,0.44
7,RUBY KASHYAP,Sarvjan Lok Shakti Party,3202,78,3280,0.35
8,NOTA,None of the Above,4980,130,5110,0.55
1,ATUL GARG,Bharatiya Janata Party,853036,1134,854170,58.09
2,DOLLY SHARMA,Indian National Congress,516699,506,517205,35.17
3,NAND KISHOR PUNDIR,Bahujan Samaj Party,79387,138,79525,5.41
4,RAVI KUMAR PANCHAL,Independent,1965,1,1966,0.13
5,ANAND KUMAR,Rashtra Nirman Party,1174,4,1178,0.08
6,NATTHUSINGH CHAUDHARY,Independent,1159,3,1162,0.08
7,AURANGJEB,Independent,1120,0,1120,0.08
8,NAMAHA,Samaj Vikas Kranti Party,1079,1,1080,0.07
9,AVDESH KUMAR,Independent,1037,6,1043,0.07
10,POOJA SAXENA,Right to Recall Party,874,4,878,0.06
11,KAVITA,Independent,772,3,775,0.05
12,ANSUL GUPTA,Rashtriya Jan Karmath Party,763,1,764,0.05
13,DHIRENDRA SINGH BHADAURIYA,Subhashwadi Bhartiya Samajwadi Party (Subhas Party),696,4,700,0.05
14,ABHISHEK PUNDIR,Independent,652,1,653,0.04
15,NOTA,None of the Above,8195,16,8211,0.56
1,DR. MAHESH SHARMA,Bharatiya Janata Party,855413,2416,857829,59.69
2,DR. MAHENDRA SINGH NAGAR,Samajwadi Party,297697,660,298357,20.76
3,RAJENDRA SINGH SOLANKI,Bahujan Samaj Party,250962,653,251615,17.51
4,BHIM PRAKASH JIGYASU,Viro Ke Vir Indian Party,3873,2,3875,0.27
5,MOHD. MUMTAJ AALAM,Independent,2818,3,2821,0.2
6,SHIVAM ASHUTOSH,Independent,2637,4,2641,0.18
7,MANISH KUMAR DWIVEDI,Akhil Bhartiya Parivar Party,1769,3,1772,0.12
8,KISHOR SINGH,National Party,1739,28,1767,0.12
9,MAHKAR SINGH,Independent,1118,6,1124,0.08
10,KM. SHALU,Loktantrik Janshakti Party,1020,30,1050,0.07
11,PARAG KAUSHIK,Independent,945,1,946,0.07
12,NARESH NAUTIYAL,Bhartiya Rashtriya Jansatta,931,10,941,0.07
13,RAN SINGH DUDEE,Super Power India Party,905,3,908,0.06
14,RAJEEV MISHRA,Jai Hind National Party,642,15,657,0.05
15,NARAVEDASHVAR,Subhashwadi Bhartiya Samajwadi Party (Subhas Party),615,2,617,0.04
16,NOTA,None of the Above,10286,38,10324,0.72
1,DR BHOLA SINGH,Bharatiya Janata Party,594040,3270,597310,56.65
2,SHIVRAM,Indian National Congress,321043,1133,322176,30.56
3,GIRISH CHANDRA,Bahujan Samaj Party,116876,548,117424,11.14
4,RAJESH TUREHA,Rishivadi Karm Sheel Young Parmarthi Party,4391,10,4401,0.42
5,SONAM BHARTI,Independent,3558,42,3600,0.34
6,PRADEEP KUMAR,Independent,2547,16,2563,0.24
7,NOTA,None of the Above,6870,55,6925,0.66
1,SATISH KUMAR GAUTAM,Bharatiya Janata Party,500453,1381,501834,44.28
2,BIJENDRA SINGH,Samajwadi Party,485588,599,486187,42.9
3,HITENDRA KUMAR ALIAS BUNTY UPADHYAY,Bahujan Samaj Party,123770,159,123929,10.93
4,GYANI RAM,Independent,3795,4,3799,0.34
5,SATISH KUMAR,Independent,3553,8,3561,0.31
6,SATISH KUMAR,Swatantra Jantaraj Party,1647,1,1648,0.15
7,MANOJ KUMAR ALIAS MANOJ LODHI,Saman Adhikar Party,1434,6,1440,0.13
8,KESHAV DEV ALIAS PANDIT KESHAV DEV GAUTAM,Independent,1308,11,1319,0.12
9,SURENDRA,Moulik Adhikar Party,1175,3,1178,0.1
10,RAJESH KUMAR,Independent,1053,3,1056,0.09
11,DILEEP SHARMA AD.,Independent,952,3,955,0.08
12,MAHESH CHANDRA SHARMA,Independent,733,3,736,0.06
13,RAJ KUMAR,Rashtriya Shoshit Samaj Party,407,5,412,0.04
14,MANOJ KUMAR SHARMA ADVOCATE,Loktantrik Janshakti Party,371,7,378,0.03
15,NOTA,None of the Above,4916,18,4934,0.44
1,ANOOP PRADHAN BALMIKI,Bharatiya Janata Party,552334,2412,554746,51.24
2,JASVEER VALMIKI,Samajwadi Party,306637,791,307428,28.39
3,HEMBABOO DHANGAR,Bahujan Samaj Party,200876,387,201263,18.59
4,JAYPAL MAHOR,Independent,3044,17,3061,0.28
5,RAJPAL SINGH,Independent,2361,11,2372,0.22
6,GHANSHYAM SINGH,Swaraj Bhartiya Nyay Party,2329,16,2345,0.22
7,RAVI KUMAR,Independent,1638,7,1645,0.15
8,DR. JAYVEER SINGH DHANGAR,Rashtra Uday Party,1591,16,1607,0.15
9,DINESH SAI,Independent,1140,4,1144,0.11
10,MUNNALAL JATAV,Independent,803,7,810,0.07
11,NOTA,None of the Above,6257,42,6299,0.58
1,HEMAMALINI DHARMENDRA DEOL,Bharatiya Janata Party,507535,2529,510064,53.3
2,MUKESH DHANGAR,Indian National Congress,216043,614,216657,22.64
3,SURESH SINGH,Bahujan Samaj Party,188152,265,188417,19.69
4,BHANU PRATAP SINGH,Independent,15640,25,15665,1.64
5,RAKESH KUMAR,Independent,4492,2,4494,0.47
6,JAGDISH PRASAD KAUSHIK ADVOCATE,Rashtriya Samta Vikas Party,3567,8,3575,0.37
7,RAVI VERMA,Independent,2724,0,2724,0.28
8,SHIKHA SHARMA,Independent,2246,5,2251,0.24
9,KAMAL KANT SHARMA,Independent,1491,12,1503,0.16
10,YOGESH KUMAR TALAN,Independent,1491,2,1493,0.16
11,MONI FALHARI BAPU,Independent,1322,4,1326,0.14
12,KSHETRA PAL SINGH,Independent,1206,5,1211,0.13
13,DR. RASHMI YADAV,Independent,1183,6,1189,0.12
14,PRAVESHANAND PURI,Independent,1081,4,1085,0.11
15,SURESH CHANDRA VAGHEL,Rashtriya Shoshit Samaj Party,822,7,829,0.09
16,NOTA,None of the Above,4527,36,4563,0.48
1,PROF S P SINGH BAGHEL,Bharatiya Janata Party,597061,2336,599397,53.34
2,SURESH CHAND KARDAM,Samajwadi Party,326644,1459,328103,29.2
3,POOJA AMROHI,Bahujan Samaj Party,175810,664,176474,15.7
4,ARAM SINGH,Peoples Party of India (Democratic),4130,13,4143,0.37
5,KULDEEP KUMAR,Bharatiya Kisan Parivartan Party,1997,5,2002,0.18
6,MAHENDRA SINGH,Independent,1779,6,1785,0.16
7,POOJA,Independent,1363,7,1370,0.12
8,SARVESH KUMAR,Bharatiya Majdoor Janta Party,1123,10,1133,0.1
9,AMBEDAKARI HASANURAM AMBEDAKARI,Independent,927,6,933,0.08
10,JITENDRA GAUTAM,Lokpriya Rashtrawadi Party,780,2,782,0.07
11,CHANDRA PAL,Adarsh Samaj Party,640,3,643,0.06
12,NOTA,None of the Above,6929,85,7014,0.62
1,RAJKUMAR CHAHAR,Bharatiya Janata Party,442862,2795,445657,43.09
2,RAMNATH SINGH SIKARWAR,Indian National Congress,400572,1680,402252,38.9
3,PT. RAMNIWAS SHARMA,Bahujan Samaj Party,120143,396,120539,11.66
4,DR RAMESHWAR SINGH,Independent,48301,305,48606,4.7
5,KALLAN KUMBHKAR,Independent,3458,5,3463,0.33
6,HOTAM SINGH NISHAD,Rashtriya Shoshit Samaj Party,1805,5,1810,0.18
7,GIRRAJ SINGH DHAKREY,"Proutist Bloc, India",1556,8,1564,0.15
8,SANGEETA TOMAR,Bharatiya Majdoor Janta Party,1417,16,1433,0.14
9,VED PRAKASH,Rashtriya Jansanchar Dal,1031,7,1038,0.1
10,NOTA,None of the Above,7764,29,7793,0.75
1,IQRA CHOUDHARY,Samajwadi Party,526887,1126,528013,48.9
2,PRADEEP KUMAR,Bharatiya Janata Party,456075,2822,458897,42.5
3,SRIPAL,Bahujan Samaj Party,75978,222,76200,7.06
4,JAHID,Social Democratic Party Of India,3316,4,3320,0.31
5,SHOKINDER KUMAR,Independent,1983,2,1985,0.18
6,MANOJ RANA,Independent,1925,11,1936,0.18
7,VIKAS KUMAR,Independent,1098,2,1100,0.1
8,OMBEER,Azad Adhikar Sena,1088,8,1096,0.1
9,VIKRAM SINGH,Independent,897,3,900,0.08
10,PRITI KASHYAP,Rashtriya Mazdoor Ekta Party,781,10,791,0.07
11,VIKRAM SAINI,Akhand Bharat Swatantra Party,776,4,780,0.07
12,YOGESH,Independent,664,6,670,0.06
13,MOHD KADIR,Independent,436,6,442,0.04
14,NAND KISHOOR,Aapki Apni Party (Peoples),420,7,427,0.04
15,NOTA,None of the Above,3213,36,3249,0.3
1,AKSHAYA YADAV,Samajwadi Party,541861,1176,543037,49.04
2,VISHWADEEP SINGH,Bharatiya Janata Party,452946,779,453725,40.98
3,CHOWDHARY BASHEER,Bahujan Samaj Party,90849,99,90948,8.21
4,UPENDRA SINGH,Bharatiya Kisan Parivartan Party,7111,8,7119,0.64
5,RASHMI KANT,Parivartan Samaj Party,2927,3,2930,0.26
6,PREM DUTT,Rashtra Uday Party,2876,2,2878,0.26
7,RAJVEER,Independent,1367,13,1380,0.12
8,NOTA,None of the Above,5273,6,5279,0.48
1,DIMPLE YADAV,Samajwadi Party,596710,1816,598526,56.79
2,JAYVEER SINGH,Bharatiya Janata Party,375895,992,376887,35.76
3,SHIV PRASAD YADAV,Bahujan Samaj Party,66697,117,66814,6.34
4,SURESH CHANDRA,Independent,2366,8,2374,0.23
5,NAND RAM BAGRI,Voters Party International,1765,4,1769,0.17
6,MANJU PAL,Bhartiya Shakti Chetna Party,1148,23,1171,0.11
7,PRAMOD KUMAR,Independent,994,12,1006,0.1
8,SUNIL KUMAR MISHRA,Sarva Samaj Janata Party,878,4,882,0.08
9,NOTA,None of the Above,4570,12,4582,0.43
1,DEVESH SHAKYA,Samajwadi Party,474263,1545,475808,47.09
2,RAJVEER SINGH (RAJU BHAIYA),Bharatiya Janata Party,446748,1008,447756,44.32
3,MOHAMMAD IRFAN ADVOCATE,Bahujan Samaj Party,71407,178,71585,7.08
4,ANUPAM KUMAR,Kisan Kranti Dal,3944,5,3949,0.39
5,KAILASH KUMAR,Independent,1728,0,1728,0.17
6,DANVEER,Independent,1261,4,1265,0.13
7,UDAY VEER SINGH,Peoples Party of India (Democratic),985,7,992,0.1
8,ASHOK KUMAR,Independent,777,3,780,0.08
9,VIABHAV MISHRA,Bhartiya Shakti Chetna Party,742,5,747,0.07
10,AMAR SINGH,Independent,609,6,615,0.06
11,NOTA,None of the Above,5145,11,5156,0.51
1,ADITYA YADAV,Samajwadi Party,501390,465,501855,45.97
2,DURVIJAY SINGH SHAKYA,Bharatiya Janata Party,466323,541,466864,42.76
3,MUSLIM KHAN,Bahujan Samaj Party,97686,65,97751,8.95
4,SANDEEP KUMAR,Independent,3835,1,3836,0.35
5,DINESH KUMAR,Independent,2672,2,2674,0.24
6,LATA YADAV,Independent,2572,6,2578,0.24
7,NILAM RANI PAL,Rashtriya Shoshit Samaj Party,2428,10,2438,0.22
8,RAM PRATAP MAURYA,Independent,1542,1,1543,0.14
9,ISRAT ALI,Independent,1512,1,1513,0.14
10,SULEMAN,Swaraj Bhartiya Nyay Party,1240,0,1240,0.11
11,HARIRAJ SINGH URF SIPU YADAV,Log Party,909,1,910,0.08
12,NOTA,None of the Above,8553,9,8562,0.78
1,NEERAJ MAURYA,Samajwadi Party,491119,1396,492515,45.23
2,DHARMENDRA KASHYAP,Bharatiya Janata Party,475434,1112,476546,43.76
3,ABID ALI,Bahujan Samaj Party,95407,223,95630,8.78
4,KAUSAR KHAN,Peace Party,4210,3,4213,0.39
5,PREM PAL SAGAR,Vanchitsamaj Insaaf Party,3328,2,3330,0.31
6,MAKKHAN LAL,Independent,2946,7,2953,0.27
7,RAJ KUMAR PATEL,Sardar Patel Siddhant Party,2700,6,2706,0.25
8,MOHAMMAD AMIR KHAN,Bharat Jodo Party,2348,7,2355,0.22
9,NIRMOD KUMAR SINGH,Bhartiya Shakti Chetna Party,1785,5,1790,0.16
10,NOTA,None of the Above,6843,15,6858,0.63
1,CHHATRA PAL SINGH GANGWAR,Bharatiya Janata Party,565600,1527,567127,50.66
2,PRAVEEN SINGH ARON,Samajwadi Party,530825,1498,532323,47.55
3,IRSHAD ANSARI ADVOCATE,Peace Party,3548,5,3553,0.32
4,WASEEM MIAN,Independent,2839,0,2839,0.25
5,BHUPENDRA KUMAR MAURYA,Peoples Party of India (Democratic),1702,2,1704,0.15
6,BUDDH PRIYA KARMRAJ RAHUL,Independent,1192,2,1194,0.11
7,ROHTASH KASHYAP,Jan Shakti Ekta Party,844,3,847,0.08
8,JAGPAL SINGH YADAV,Samrat Mihir Bhoj Samaj Party,654,2,656,0.06
9,RAVI KUMAR,Sardar Patel Siddhant Party,626,1,627,0.06
10,MOHD NAJIM ALI,Bharat Jodo Party,624,9,633,0.06
11,NITIN MOHAN,Independent,619,1,620,0.06
12,ASHISH GANGWAR,Independent,616,0,616,0.06
13,AYSHA BI,Independent,550,9,559,0.05
14,NOTA,None of the Above,6226,34,6260,0.56
1,JITIN PRASADA,Bharatiya Janata Party,605199,1959,607158,52.3
2,BHAGWAT SARAN GANGWAR,Samajwadi Party,439735,2488,442223,38.09
3,ANIS AHMED KHAN (PHOOL BABU),Bahujan Samaj Party,89252,445,89697,7.73
4,RAJEEV KUMAR SAXENA,Bhartiya Krishak Dal,3800,9,3809,0.33
5,SUSHIL KUMAR SHUKLA,Independent,2723,4,2727,0.23
6,MOHMMAD SHAHID HUSAIN,Independent,1842,4,1846,0.16
7,ASHISH KUMAR,Independent,1842,8,1850,0.16
8,ADARSH PANDEY,Independent,1714,12,1726,0.15
9,SANJAY KUMAR BHARTI,Rashtriya Samaj Dal (R),1621,10,1631,0.14
10,PRAMOD BHAI PATEL ALIAS P.K.,Independent,1525,14,1539,0.13
11,NOTA,None of the Above,6714,27,6741,0.58
1,ARUN KUMAR SAGAR,Bharatiya Janata Party,591500,1218,592718,47.5
2,JYOTSNA GOND,Samajwadi Party,534720,2619,537339,43.06
3,DOD RAM VERMA,Bahujan Samaj Party,91302,408,91710,7.35
4,KIRAN,Rashtriya Sanatan Party,6587,1,6588,0.53
5,SHIV KUMAR,Independent,2805,0,2805,0.22
6,MEENA KASYAP,Independent,2051,10,2061,0.17
7,PRADEEP KUMAR,Independent,1996,9,2005,0.16
8,PREMCHANDRA HARIJAN,Sardar Patel Siddhant Party,1686,1,1687,0.14
9,DHARM PAL,Independent,1413,10,1423,0.11
10,RAMESH CHANDRA VERMA,Manav Kranti Party,1076,0,1076,0.09
11,NOTA,None of the Above,8449,41,8490,0.68
1,UTKARSH VERMA 'MADHUR',Samajwadi Party,555277,2088,557365,45.94
2,AJAY KUMAR,Bharatiya Janata Party,521954,1082,523036,43.11
3,ANSHAY KALRA,Bahujan Samaj Party,110122,338,110460,9.1
4,SANDHYA JAISWAL,Parivartan Samaj Party,3093,3,3096,0.26
5,SATENDRA KUMAR MAURYA,Independent,2980,2,2982,0.25
6,OM NATH SINGH,Rashtriya Shoshit Samaj Party,2298,2,2300,0.19
7,NARESH SINGH BHADAURIYA,Independent,2107,4,2111,0.17
8,MUKESH KUMAR (BHARTI),Rashtriya Vikalp Party,1266,3,1269,0.1
9,KHANJAN,Netaji Subhash Chander Bose Rashtriya Azad Party,1018,1,1019,0.08
10,DARWARI URF DARWARI LAL CHAUHAN,Janta Kranti Party,935,1,936,0.08
11,KM. PANCHSHEELA ANAND,Uttar Pradesh Republican Party,845,9,854,0.07
12,NOTA,None of the Above,7915,16,7931,0.65
1,ANAND BHADAURIYA,Samajwadi Party,442650,1093,443743,39.91
2,REKHA VERMA,Bharatiya Janata Party,438573,721,439294,39.51
3,SHYAM KISHOR AWASTHI,Bahujan Samaj Party,184964,510,185474,16.68
4,JANARDAN PRASAD,Communist Party of India,15898,2,15900,1.43
5,RAJESH KUMAR,Political Justice Party,5020,3,5023,0.45
6,ASHUTOSH PATHAK,Aam Janta Party (India),3550,6,3556,0.32
7,SUDESH KUMAR,Lok Jan Sangharsh Party,2811,3,2814,0.25
8,SAMRENDRA KUMAR,Independent,2482,2,2484,0.22
9,VIJAY KUMAR TIWARI,Independent,2017,0,2017,0.18
10,KASIM ALI,Peace Party,1809,3,1812,0.16
11,SAKASEN,Sardar Patel Siddhant Party,1295,1,1296,0.12
12,RAM NARESH,Independent,1290,0,1290,0.12
13,NOTA,None of the Above,7133,11,7144,0.64
1,HARENDRA SINGH MALIK,Samajwadi Party,469804,917,470721,43.64
2,SANJEEV KUMAR BALYAN,Bharatiya Janata Party,443815,2234,446049,41.35
3,DARA SINGH PRAJAPATI,Bahujan Samaj Party,143323,384,143707,13.32
4,SUNIL TYAGI,Independent,7131,36,7167,0.66
5,KAVITA,Rashtrawadi Janlok Party (Satya),1970,30,2000,0.19
6,SHASHIKANT SHAMAR,Independent,1429,2,1431,0.13
7,BIRBAL SINGH,Vishal Janta Party,1419,2,1421,0.13
8,NEEL KUMAR,Jai Samta Party,858,3,861,0.08
9,RESHU SHARMA,Independent,679,5,684,0.06
10,ANKUR,Independent,362,10,372,0.03
11,MANUJ VERMA,Independent,333,7,340,0.03
12,NOTA,None of the Above,3884,32,3916,0.36
1,RAKESH RATHOR,Indian National Congress,530467,671,531138,48.2
2,RAJESH VERMA,Bharatiya Janata Party,441066,431,441497,40.06
3,MAHENDRA SINGH YADAV,Bahujan Samaj Party,99284,80,99364,9.02
4,MO. KASHIF ANSARI,Apna Dal (Kamerawadi),7585,1,7586,0.69
5,LEKHRAJ LODHI,Aazad Samaj Party (Kanshi Ram),6734,0,6734,0.61
6,VIDYAWATI GAUTAM,Independent,4193,1,4194,0.38
7,CHANDRA SHEKHAR VERMA,Rashtriya Shoshit Samaj Party,2429,0,2429,0.22
8,RAM ADHAR VERMA,Sardar Patel Siddhant Party,2114,1,2115,0.19
9,NOTA,None of the Above,6954,4,6958,0.63
1,JAI PRAKASH,Bharatiya Janata Party,485745,1053,486798,44.25
2,USHA VERMA,Samajwadi Party,457553,1389,458942,41.72
3,BHIMRAO AMBEDKAR,Bahujan Samaj Party,122334,295,122629,11.15
4,SHIVE KUMAR,Independent,4897,1,4898,0.45
5,SHYAM KUMAR,Peoples Party of India (Democratic),4196,4,4200,0.38
6,SUNIL KUMAR VERMA,Independent,3819,2,3821,0.35
7,INDRAPAL PASI,Justice Party,2945,1,2946,0.27
8,MUNNA LAL,Naari Nar Rakshak Party,1588,1,1589,0.14
9,OM PRAKASH,Independent,1559,2,1561,0.14
10,AWADESH KUMAR,Independent,1420,4,1424,0.13
11,PRADEEP KUMAR,Bhartiya Krishak Dal,1349,5,1354,0.12
12,BRAHMA PRASAD,Lok Jan Sangharsh Party,1139,1,1140,0.1
13,NOTA,None of the Above,8778,36,8814,0.8
1,ASHOK KUMAR RAWAT,Bharatiya Janata Party,473971,1045,475016,45.15
2,SANGITA RAJVANSHI,Samajwadi Party,440157,1453,441610,41.98
3,B R AHIRWAR,Bahujan Samaj Party,111670,275,111945,10.64
4,RAMPAL,Independent,3973,5,3978,0.38
5,LALIT KUMAR,Bhartiya Shakti Chetna Party,3811,4,3815,0.36
6,Neelam Singh,Independent,2899,6,2905,0.28
7,VANDNA VERMA,Naari Nar Rakshak Party,1907,5,1912,0.18
8,AVDHESH,Independent,1419,4,1423,0.14
9,SAVITRI DEVI,Rashtriya Janshakti Samaj Party,1347,3,1350,0.13
10,NOTA,None of the Above,7997,32,8029,0.76
1,SWAMI SACHCHIDANAND HARI SAKSHI,Bharatiya Janata Party,614832,1301,616133,47.31
2,ANNU TANDON,Samajwadi Party,577699,2616,580315,44.56
3,ASHOK KUMAR PANDEY,Bahujan Samaj Party,72245,282,72527,5.57
4,SAIF KHAN,Parcham Party of India,8390,14,8404,0.65
5,UMESH,Independent,5625,10,5635,0.43
6,SHIV PRAKASH SINGH,Independent,4107,11,4118,0.32
7,SAIYYAD SARFARAZ GANDHI,Independent,3018,5,3023,0.23
8,HIMANSHU SHARMA,Bhartiya Shakti Chetna Party,2656,7,2663,0.2
9,NOTA,None of the Above,9430,23,9453,0.73
1,R.K. CHAUDHARY,Samajwadi Party,666560,1309,667869,48.49
2,KAUSHAL KISHORE,Bharatiya Janata Party,596197,1380,597577,43.38
3,RAJESH KUMAR,Bahujan Samaj Party,88257,204,88461,6.42
4,MAHENDRA,Independent,2654,7,2661,0.19
5,SUSHIL KUMAR,Independent,2626,1,2627,0.19
6,RAMESH KUMAR,Independent,1839,2,1841,0.13
7,SUNITA CHHEDA PASI,Aam Janta Party (India),1736,13,1749,0.13
8,S. L.SINGH,Peoples Party of India (Democratic),1711,6,1717,0.12
9,BRIJESH KUMAR VIKRAM,Rashtriya Samaj Paksha,1648,7,1655,0.12
10,JITENDRA KUMAR,Independent,1402,12,1414,0.1
11,SURAJ KUMAR,Sardar Patel Siddhant Party,1010,5,1015,0.07
12,NOTA,None of the Above,8838,28,8866,0.64
1,RAJ NATH SINGH,Bharatiya Janata Party,610597,2112,612709,53.89
2,RAVIDAS MEHROTRA,Samajwadi Party,476303,1247,477550,42.0
3,MOHAMMAD SARWAR MALIK,Bahujan Samaj Party,29982,210,30192,2.66
4,MO AHMAD URF RINKU,Social Democratic Party Of India,3251,4,3255,0.29
5,AKHAND PRATAP SINGH,Independent,1465,8,1473,0.13
6,SARVAR ALI,Sarvar Party,1199,3,1202,0.11
7,ISHTIYAQ ALI,Independent,929,5,934,0.08
8,KAPIL MOHAN CHOWDHARY,Mera Adhikaar Rashtriya Dal,815,2,817,0.07
9,GAURAV VERMA,Hindu Samaj Party,801,6,807,0.07
10,BRIJESH KUMAR YADAV,Kisan Vishwa Party,601,2,603,0.05
11,NOTA,None of the Above,7316,34,7350,0.65
1,RAHUL GANDHI,Indian National Congress,686044,1605,687649,66.17
2,DINESH PRATAP SINGH,Bharatiya Janata Party,296703,916,297619,28.64
3,THAKUR PRASAD YADAV,Bahujan Samaj Party,21588,36,21624,2.08
4,DILEEP SINGH,Akhil Bhartiya Apna Dal,8676,2,8678,0.84
5,HORILAL,Independent,5397,2,5399,0.52
6,SUDARSHAN RAM,Bhartiya Panchsheel Party,4343,2,4345,0.42
7,HIND ROHITASH,Manavtawadi Samaj Party,3859,0,3859,0.37
8,MO MOBIN,Apna Dal (Kamerawadi),2173,1,2174,0.21
9,NOTA,None of the Above,7861,11,7872,0.76
1,KISHORI LAL,Indian National Congress,536680,2548,539228,54.99
2,SMRITI IRANI,Bharatiya Janata Party,370754,1278,372032,37.94
3,NANHE SINGH CHAUHAN,Bahujan Samaj Party,34418,116,34534,3.52
4,SURENDRA KUMAR,Independent,5699,0,5699,0.58
5,DINESH CHANDRA MAURYA,Janshakti Samta Party,4569,8,4577,0.47
6,JAGDAMBA PRASAD YADAV,Independent,4019,1,4020,0.41
7,BHAGWANDIN PASI,Moulik Adhikar Party,2333,1,2334,0.24
8,CHANDRAWATI,Independent,2278,13,2291,0.23
9,MOHD HASAN LAHRI,Rashtriya Narayanwadi Vikas Party,1525,2,1527,0.16
10,KHUSHIRAM,Independent,1401,0,1401,0.14
11,UDAYRAJ,Independent,1300,5,1305,0.13
12,SANTRAM,Samajhdar Party,1208,4,1212,0.12
13,SHAILENDRA KUMAR MISHRA,Sanyogwadi Party,1124,4,1128,0.12
14,NOTA,None of the Above,9371,12,9383,0.96
1,RAMBHUAL NISHAD,Samajwadi Party,442886,1444,444330,43.0
2,MANEKA SANJAY GANDHI,Bharatiya Janata Party,399859,1297,401156,38.82
3,UDRAJ VERMA,Bahujan Samaj Party,162603,422,163025,15.78
4,ABDUL MABOOD,Apna Desh Party,4295,2,4297,0.42
5,MOHAMMAD ASIF,Independent,3382,5,3387,0.33
6,UDAYRAJ VERMA,Independent,2900,9,2909,0.28
7,GIRISH LAL,Azad Party,2305,6,2311,0.22
8,DR SHIV SHANKAR INDIAN,Most Backward Classes Of India,2085,5,2090,0.2
9,JAY PRAKASH,Sardar Patel Siddhant Party,1364,5,1369,0.13
10,NOTA,None of the Above,8500,13,8513,0.82
1,SHIV PAL SINGH PATEL (DR. S P SINGH),Samajwadi Party,439836,2096,441932,46.65
2,SANGAM LAL GUPTA,Bharatiya Janata Party,374208,1518,375726,39.66
3,PRATHMESH MISHRA 'SENANI',Bahujan Samaj Party,79872,272,80144,8.46
4,SANDEEP SINGH,National Jan Dal,5270,16,5286,0.56
5,ARUN KUMAR PANDEY,Hindustan Samaj Party,4984,7,4991,0.53
6,SHIV RAM SHARMA,Moulik Adhikar Party,4709,2,4711,0.5
7,AMAR SINGH,Independent,4135,3,4138,0.44
8,SUNIL CHANDRA PAL,Rashtra Uday Party,3337,3,3340,0.35
9,AJEET PRATAP,Independent,2581,0,2581,0.27
10,VIJAY SINGH,Sanatan Sanskriti Raksha Dal,2457,2,2459,0.26
11,RISHI PATEL,Apna Dal (Kamerawadi),2425,4,2429,0.26
12,MAHESH KUMAR PRAJAPATI,Samajhdar Party,1963,1,1964,0.21
13,DHANANJAY,Independent,1622,1,1623,0.17
14,GEETA DEVI,Bhartiya Lokmat Rashtrwadi Party,1582,12,1594,0.17
15,RAMSIDDH YADAV URF R.S.YADAV,Manavtawadi Samaj Party,1326,1,1327,0.14
16,SUNIL KUMAR MISHRA,Independent,1134,2,1136,0.12
17,SHANKAR SUMAN TIVARI,Independent,1128,1,1129,0.12
18,DURGESH KUMAR,Rastriya Atal Janta Party,1113,3,1116,0.12
19,RAM KUMAR YADAV,Socialist Unity Centre Of India (COMMUNIST),1070,1,1071,0.11
20,SHIV PAL PATEL,Independent,1025,5,1030,0.11
21,DHARMENDRA TIWARI,Log Party,992,1,993,0.1
22,JOKHU PATEL,Sardar Patel Siddhant Party,969,2,971,0.1
23,SHRAWAN KUMAR TRIPATHI,Independent,849,2,851,0.09
24,DHYAN SINGH,Independent,675,3,678,0.07
25,PRAMOD KUMAR,Independent,672,2,674,0.07
26,MOHRAM ALI,Independent,501,2,503,0.05
27,NOTA,None of the Above,2869,22,2891,0.31
1,CHANDAN CHAUHAN,Rashtriya Lok Dal,402604,1889,404493,39.48
2,DEEPAK,Samajwadi Party,366226,759,366985,35.82
3,VIJENDER SINGH,Bahujan Samaj Party,218294,692,218986,21.38
4,ABDUL BARI,Jai Samta Party,8046,26,8072,0.79
5,DEEPAK KUMAR,Independent,7284,34,7318,0.71
6,ZAHEER,Independent,2780,8,2788,0.27
7,RAJAPAL,Peoples Party of India (Democratic),2361,12,2373,0.23
8,MOHD. SHAHJAD,Independent,2342,5,2347,0.23
9,FARMAN,Majloom Samaj Party,2334,9,2343,0.23
10,CHANDAN SINGH,Independent,2132,44,2176,0.21
11,RAMDHAN SINGH,Majdoor Kisan Union Party,2088,17,2105,0.21
12,NOTA,None of the Above,4386,60,4446,0.43
1,MUKESH RAJPUT,Bharatiya Janata Party,486925,1038,487963,47.2
2,DR. NAVAL KISHOR SHAKYA,Samajwadi Party,484485,800,485285,46.94
3,KRANTI PANDEY,Bahujan Samaj Party,45274,116,45390,4.39
4,AMAR SINGH,Bharatiya Rashtriya Morcha,3345,13,3358,0.32
5,HARNANDAN SINGH,Independent,2457,12,2469,0.24
6,SHYAMVEER SINGH,Bharatiya Nagrik Party,2431,3,2434,0.24
7,VIDYAPRAKASH,Bharatheeya Jawan Kisan Party,1456,11,1467,0.14
8,DINESH,Bhartiya Shakti Chetna Party,1061,2,1063,0.1
9,NOTA,None of the Above,4350,15,4365,0.42
1,JITENDRA KUMAR DOHARE,Samajwadi Party,489358,1389,490747,47.47
2,DR RAM SHANKAR KATHERIA,Bharatiya Janata Party,430922,1406,432328,41.82
3,SARIKA SINGH BAGHEL,Bahujan Samaj Party,96253,288,96541,9.34
4,SUNIL SHANKWAR ADVOCATE,Independent,2954,9,2963,0.29
5,MULAYAM SINGH,Independent,1688,20,1708,0.17
6,BHUVNESH KUMARI,Samyak Party,1648,9,1657,0.16
7,VIVEK RAJ,Janta Samajwadi Party (Vivek Raj),1569,5,1574,0.15
8,NOTA,None of the Above,6229,37,6266,0.61
1,AKHILESH YADAV,Samajwadi Party,640207,2085,642292,52.74
2,SUBRAT PATHAK,Bharatiya Janata Party,470131,1239,471370,38.71
3,IMRAN BIN ZAFAR,Bahujan Samaj Party,81471,168,81639,6.7
4,ALOK VERMA,Rashtriya Shoshit Samaj Party,4484,8,4492,0.37
5,LALIT KUMARI,Independent,3262,5,3267,0.27
6,SINOD KUMAR,Independent,1732,1,1733,0.14
7,RAJ KATHERIA,Independent,1463,1,1464,0.12
8,BHANU PRATAP SINGH DOHRE,Independent,1430,2,1432,0.12
9,SHAILENDRA KUMAR,Bharatiya Kisan Parivartan Party,1141,10,1151,0.09
10,YADVENDRA KISHOR,Independent,1061,1,1062,0.09
11,SUBHASH CHANDRA,All India Forward Bloc,799,2,801,0.07
12,SUNIL,Bhartiya Shakti Chetna Party,738,1,739,0.06
13,PRAMOD KUMAR YADAV,Bhartiya Krishak Dal,557,3,560,0.05
14,PURUSHOTTAM TIWARI,Independent,541,2,543,0.04
15,IRFAN ALI,Independent,463,7,470,0.04
16,NOTA,None of the Above,4805,13,4818,0.4
1,RAMESH AWASTHI,Bharatiya Janata Party,440609,2446,443055,49.93
2,ALOK MISRA,Indian National Congress,419469,2618,422087,47.56
3,KULDEEP BHADAURIYA,Bahujan Samaj Party,11843,189,12032,1.36
4,ASHOK PASWAN ADVOCATE,Sabhi Jan Party,1969,5,1974,0.22
5,ALOK MISHRA,Independent,1186,12,1198,0.14
6,MANOJ KUMAR,Independent,776,2,778,0.09
7,AJAY KUMAR MISHRA,Independent,671,1,672,0.08
8,PRASHAST DHEER,All India Forward Bloc,462,3,465,0.05
9,ARVIND KUMAR SRIVASTAVA,Independent,394,4,398,0.04
10,SANJAY SINGH,"Proutist Bloc, India",348,2,350,0.04
11,VALENDRA KATIYAR,Socialist Unity Centre Of India (COMMUNIST),267,3,270,0.03
12,NOTA,None of the Above,4048,69,4117,0.46
1,DEVENDRA SINGH ALIAS BHOLE SINGH,Bharatiya Janata Party,514256,3167,517423,47.6
2,RAJARAM PAL,Samajwadi Party,469766,3312,473078,43.52
3,RAJESH KUMAR DWIVEDI,Bahujan Samaj Party,72679,461,73140,6.73
4,RAJARAM,Independent,4629,13,4642,0.43
5,ASHOK PASWAN ADVOCATE,Sabhi Jan Party,3160,13,3173,0.29
6,CHANDRESH SINGH,Bhartiya Shakti Chetna Party,2641,13,2654,0.24
7,YOGESH JAISWAL,Independent,2529,14,2543,0.23
8,VIPIN KUMAR,Rashtriya Sanskriti Party,1489,5,1494,0.14
9,RAMGOPAL,Rashtriya Janutthan Party,1146,11,1157,0.11
10,NOTA,None of the Above,7523,126,7649,0.7
1,NARAYAN DAS AHIRWAR,Samajwadi Party,529444,736,530180,46.96
2,BHANU PRATAP SINGH VERMA,Bharatiya Janata Party,475232,1050,476282,42.19
3,SURESH CHANDRA GAUTAM,Bahujan Samaj Party,100105,143,100248,8.88
4,BRIJ MOHAN,Independent,4666,7,4673,0.41
5,NAGENDRA KUMAR,Bhartiya Shakti Chetna Party,3205,7,3212,0.28
6,PREMLATA VERMA,Independent,3176,24,3200,0.28
7,NOTA,None of the Above,11138,16,11154,0.99
1,ANURAG SHARMA,Bharatiya Janata Party,689438,878,690316,50.0
2,"PRADEEP JAIN ""ADITYA""",Indian National Congress,587000,702,587702,42.57
3,RAVI PRAKASH,Bahujan Samaj Party,63106,86,63192,4.58
4,LAKHAN LAL,Independent,6832,0,6832,0.49
5,RAMESH,Independent,6330,8,6338,0.46
6,GANESH RAM,Independent,2574,1,2575,0.19
7,CHANDAN SINGH,Apna Dal (Kamerawadi),2487,4,2491,0.18
8,DHARMENDRA PRATAP,Independent,2299,4,2303,0.17
9,INDRA SINGH,Independent,2076,2,2078,0.15
10,ER. DEEPAK KUMAR VERMA,Al-Hind Party,1375,2,1377,0.1
11,NOTA,None of the Above,15290,12,15302,1.11
1,AJENDRA SINGH LODHI,Samajwadi Party,490003,680,490683,44.0
2,KUNWAR PUSHPENDRA SINGH CHANDEL,Bharatiya Janata Party,487373,681,488054,43.76
3,NIRDOSH KUMAR DIXIT,Bahujan Samaj Party,94564,132,94696,8.49
4,ANUPAM KUMAR TRIPATHI,Bhartiya Shakti Chetna Party,6401,6,6407,0.57
5,BRIJESH KUMAR PAL,Rashtra Uday Party,4516,11,4527,0.41
6,BHUVANENDRA NARAYAN SINGH,Independent,4315,5,4320,0.39
7,SANTOSH KUMAR,Independent,3776,1,3777,0.34
8,RAJESH SINGH,Independent,3605,2,3607,0.32
9,SURESH KUMAR,Eklavya Samaj Party,2181,0,2181,0.2
10,SANJIV KUMAR,Spashtwadi Jan Aadhar Party,2003,0,2003,0.18
11,DHARMRAJ,Al-Hind Party,1589,2,1591,0.14
12,NOTA,None of the Above,13442,11,13453,1.21
1,KRISHNA DEVI SHIVSHANKER PATEL,Samajwadi Party,406018,549,406567,38.94
2,R. K. SINGH PATEL,Bharatiya Janata Party,334950,407,335357,32.12
3,MAYANK DWIVEDI,Bahujan Samaj Party,245530,215,245745,23.54
4,RAMCHANDRA SARAS,Communist Party of India,9436,2,9438,0.9
5,PANCHA URF PANCHAMLAL,Bhagidari Party(P),7714,3,7717,0.74
6,GULAB CHANDER BARMA,Rashtra Uday Party,5905,2,5907,0.57
7,RAMCHRAN,Independent,5419,4,5423,0.52
8,SURENDRA KUMAR,Swatantra Jantaraj Party,4380,2,4382,0.42
9,SHRIRAM SINGH GAUR,Bhartiya Shakti Chetna Party,3347,3,3350,0.32
10,DINESH KUMAR PATEL,Sardar Patel Siddhant Party,2507,1,2508,0.24
11,BABULAL,Log Party,2358,3,2361,0.23
12,PRAMOD AZAD,Apna Dal (Kamerawadi),2141,1,2142,0.21
13,NOTA,None of the Above,13226,9,13235,1.27
1,NARESH CHANDRA UTTAM PATEL,Samajwadi Party,499866,462,500328,45.2
2,NIRANJAN JYOTI,Bharatiya Janata Party,466249,880,467129,42.2
3,MANISH SINGH SACHAN,Bahujan Samaj Party,90897,73,90970,8.22
4,BIRENDRA SINGH,Independent,7917,3,7920,0.72
5,KAMLESH KUMAR SINGH,Parivartan Samaj Party,5212,7,5219,0.47
6,PANKAJ AWASTHI,Independent,4456,1,4457,0.4
7,RAMKISHOR,Rashtra Uday Party,4075,4,4079,0.37
8,JITENDRA KUMAR MAURYA,Independent,3333,3,3336,0.3
9,KULDEEP KUSHWAHA,Independent,2724,2,2726,0.25
10,RAJ BAHADUR,Peoples Party of India (Democratic),2653,1,2654,0.24
11,NIRAJ KUMAR,Akhil Bhartiya Parivar Party,2561,6,2567,0.23
12,RAM BIHARI,Bhartiya Shakti Chetna Party,2342,2,2344,0.21
13,NEERAJ LODHI,Vikas Insaf Party,2028,5,2033,0.18
14,JAY CHANDRA KUMAR,Vishwa Kalyan Rashtriya Manav Samaj Party,1602,2,1604,0.14
15,RAJESH KUMAR PATEL,Sardar Patel Siddhant Party,1449,9,1458,0.13
16,NOTA,None of the Above,8108,12,8120,0.73
1,CHANDRASHEKHAR,Aazad Samaj Party (Kanshi Ram),511812,740,512552,51.19
2,OM KUMAR,Bharatiya Janata Party,359751,1328,361079,36.06
3,MANOJ KUMAR,Samajwadi Party,102104,270,102374,10.22
4,SURENDRA PAL SINGH,Bahujan Samaj Party,13212,60,13272,1.33
5,JOGENDRA,Independent,4509,9,4518,0.45
6,SANJEEV KUMAR,Independent,2195,6,2201,0.22
7,NOTA,None of the Above,5287,20,5307,0.53
1,PUSHPENDRA SAROJ,Samajwadi Party,509175,612,509787,50.51
2,VINOD KUMAR SONKAR,Bharatiya Janata Party,405142,701,405843,40.21
3,SHUBH NARAYAN,Bahujan Samaj Party,55797,61,55858,5.53
4,PUSHPENDRA KUMAR SAROJ,Independent,5178,6,5184,0.51
5,NARENDRA KUMAR,Apna Dal (Kamerawadi),5127,4,5131,0.51
6,SANJAY KUMAR,Independent,4631,3,4634,0.46
7,RAJENDRA SONKAR URF PANNA BHAIYA,Independent,3421,0,3421,0.34
8,PRADEEP KUMAR,Independent,2539,2,2541,0.25
9,RAMESHWAR PRASAD,Bhartiya Shakti Chetna Party,2011,2,2013,0.2
10,RAM ASREY,Manavtawadi Samaj Party,1948,2,1950,0.19
11,NOTA,None of the Above,12958,9,12967,1.28
1,PRAVEEN PATEL,Bharatiya Janata Party,451380,1220,452600,44.6
2,AMAR NATH SINGH MAURYA,Samajwadi Party,446596,1672,448268,44.17
3,JAGANNATH PAL,Bahujan Samaj Party,82375,211,82586,8.14
4,MAHIMA PATEL,Apna Dal (Kamerawadi),4134,28,4162,0.41
5,JILA JEET BHARTIY,Bahujan Awam Party,3294,5,3299,0.33
6,SUNIL KUMAR PRAJAPATI,Bhagidari Party(P),3040,7,3047,0.3
7,ENGG YOGESH KUSHWAHA,Pragatisheel Samaj Party,2768,3,2771,0.27
8,AKHILESH TRIPATHI,Independent,2295,3,2298,0.23
9,NAFIS AHAMAD,Independent,2145,2,2147,0.21
10,DR NEERAJ,Independent,1702,8,1710,0.17
11,SANJEEV KUMAR MISHRA,Yuva Vikas Party,1675,4,1679,0.17
12,MUSHIR AHMAD SIDDIQUI,Peoples Party of India (Democratic),1505,1,1506,0.15
13,SANGEETA YADAV,Subhashwadi Bhartiya Samajwadi Party (Subhas Party),1283,8,1291,0.13
14,LALA RAM SAROJ,Prabuddhwadi Bahujan Morcha,1043,9,1052,0.1
15,PRAMOD BHAI PATEL URF P K,Sardar Patel Siddhant Party,947,1,948,0.09
16,NOTA,None of the Above,5445,15,5460,0.54
1,UJJWAL RAMAN SINGH,Indian National Congress,461100,1045,462145,48.8
2,NEERAJ TRIPATHI,Bharatiya Janata Party,402659,691,403350,42.59
3,RAMESH KUMAR PATEL,Bahujan Samaj Party,49045,99,49144,5.19
4,GOPAL SWROOP JOSHI,Independent,4248,0,4248,0.45
5,AJEET KUMAR PATEL,Pragatisheel Samaj Party,2641,1,2642,0.28
6,MOOLNIWASI HEMRAJ SINGH,Peoples Party of India (Democratic),2350,5,2355,0.25
7,GEETA RANI SHARMA,Independent,2197,0,2197,0.23
8,HANSHRAJ KOL,Apna Dal (Kamerawadi),2137,4,2141,0.23
9,RAJENDRA PRASAD PRAJAPATI,Bhagidari Party(P),1844,3,1847,0.2
10,AVANEESH KUMAR,Independent,1834,1,1835,0.19
11,ANUJ SWAROOP SHUKLA,Independent,1615,1,1616,0.17
12,SHIV PRASAD VISHWAKARMA,Samyak Party,1326,0,1326,0.14
13,SARVAJEET SINGH,Kamera Samaj Party,1177,0,1177,0.12
14,RAJDHAR SINGH PATEL,Rashtriya Samaj Dal (R),1024,1,1025,0.11
15,NOTA,None of the Above,9949,3,9952,1.05
1,TANUJ PUNIA,Indian National Congress,718528,1399,719927,55.78
2,RAJRANI RAWAT,Bharatiya Janata Party,503452,771,504223,39.07
3,SHIV KUMAR DOHAREY,Bahujan Samaj Party,39105,72,39177,3.04
4,BABOORAM,Independent,3669,0,3669,0.28
5,RAMLAKHAN PASI,Independent,2927,1,2928,0.23
6,MITHALESH KUMARI,Independent,2320,1,2321,0.18
7,DEVATADEEN GAUTAM,Independent,2172,1,2173,0.17
8,ASHA DEVI,Swatantrata Abhivyakti Party,2018,2,2020,0.16
9,PROF. (DR.) RAM GHULAM RAZDAN,Public Adhikar Socialist Indian Party,1493,0,1493,0.12
10,MAHENDRA KUMAR RAWAT,Awami Samta Party,1189,1,1190,0.09
11,OMKAR,Independent,1137,1,1138,0.09
12,ADVOCATE SANTOSH RAWAT,Dr. Bhimrao Ambedkar Dal,1076,2,1078,0.08
13,PREMCHANDRA HARIJAN,Sardar Patel Siddhant Party,1075,1,1076,0.08
14,NOTA,None of the Above,8220,1,8221,0.64
1,AWADHESH PRASAD,Samajwadi Party,553549,740,554289,48.59
2,LALLU SINGH,Bharatiya Janata Party,499002,720,499722,43.81
3,SACHIDANAND PANDEY,Bahujan Samaj Party,46347,60,46407,4.07
4,ARVIND SEN,Communist Party of India,15353,14,15367,1.35
5,SUNIL KUMAR BHATT,Independent,3826,1,3827,0.34
6,KANCHAN YADAV,Moulik Adhikar Party,2662,4,2666,0.23
7,AMBRISH DEV GUPTA,Bharat Mahaparivar Party,2216,2,2218,0.19
8,FAREED SALMANI,Independent,1779,1,1780,0.16
9,LAL MANI URF L.M. TRIPATHI (BHAI SAHAB),Independent,1717,0,1717,0.15
10,ANIL KUMAR RAVAT,Rashtriya Janshakti Samaj Party,1636,2,1638,0.14
11,JAGAT SINGH,Independent,1252,2,1254,0.11
12,BRAJENDRA DUTT TRIPATHI URF B. D. TRIPATHI,Adarshwaadi Congress Party,1163,10,1173,0.1
13,ARUN KUMAR,Independent,1063,4,1067,0.09
14,NOTA,None of the Above,7529,7,7536,0.66
1,LALJI VERMA,Samajwadi Party,543721,1238,544959,46.3
2,RITESH PANDEY,Bharatiya Janata Party,406851,861,407712,34.64
3,QAMAR HAYAT,Bahujan Samaj Party,199252,247,199499,16.95
4,NEELAM SINGH,Moolniwasi Samaj Party,4321,10,4331,0.37
5,SHABANA KHATOON,Peace Party,3983,7,3990,0.34
6,JAVED AHMAD SIDDIQUI,Independent,3857,3,3860,0.33
7,RAM NARESH PRAJAPATI,Bhagidari Party(P),3410,3,3413,0.29
8,VIVEK KUMAR,Bhartiya Shakti Chetna Party,1848,2,1850,0.16
9,NOTA,None of the Above,7429,19,7448,0.63
1,ANAND KUMAR,Bharatiya Janata Party,518575,227,518802,49.1
2,RAMESH CHANDRA,Samajwadi Party,454454,121,454575,43.02
3,DR. BRIJESH KUMAR,Bahujan Samaj Party,50422,26,50448,4.77
4,ARVIND KUMAR,Bhartiya Awam Party (Rastriya),6158,2,6160,0.58
5,RAMESH BALMIKI,Independent,3223,4,3227,0.31
6,BECHULAL,Independent,2919,1,2920,0.28
7,JANARDAN GOND,Independent,2672,1,2673,0.25
8,RAM MILAN,Sardar Patel Siddhant Party,1699,0,1699,0.16
9,RINKU SAHANI,Rashtra Dharak Dal,1681,2,1683,0.16
10,JAGRAM,Independent,1514,1,1515,0.14
11,NOTA,None of the Above,12862,2,12864,1.22
1,KARAN BHUSHAN SINGH,Bharatiya Janata Party,570436,827,571263,53.79
2,BHAGAT RAM,Samajwadi Party,422012,408,422420,39.77
3,NARENDRA PANDEY,Bahujan Samaj Party,44217,62,44279,4.17
4,ARUNIMA PANDEY,Independent,9230,20,9250,0.87
5,NOTA,None of the Above,14872,15,14887,1.4
1,RAM SHIROMANI VERMA,Samajwadi Party,510754,301,511055,48.83
2,SAKET MISRA,Bharatiya Janata Party,434192,190,434382,41.51
3,MUINUDDIN AHAMAD KHAN URF HAZI DADDAN KHAN,Bahujan Samaj Party,56225,26,56251,5.38
4,AHMAD JIYA KHAN,Peace Party,15630,0,15630,1.49
5,SHANTI DEVI,Independent,4010,1,4011,0.38
6,SUJEET KUMAR,Independent,3946,0,3946,0.38
7,YUGAL KISHOR SHUKLA,Aam Janta Party (India),2672,1,2673,0.26
8,KRISHNA KUMAR MAURYA,Samyak Party,2266,1,2267,0.22
9,MALIK RAM,Independent,2111,2,2113,0.2
10,ANIL KUMAR TIWARI,Independent,1513,1,1514,0.14
11,HANUMAN PRASAD MISHRA,Kisan Mazdoor Sangharsh Party,1494,1,1495,0.14
12,KUMARI GEETA GAUTAM,Rashtriya Janta Party,1317,2,1319,0.13
13,NOTA,None of the Above,9872,0,9872,0.94
1,KIRTIVARDHAN SINGH,Bharatiya Janata Party,473691,567,474258,49.77
2,SHREYA VERMA,Samajwadi Party,427363,671,428034,44.92
3,SAURABH,Bahujan Samaj Party,29388,41,29429,3.09
4,RAM UJAGAR,Independent,3535,0,3535,0.37
5,ARUNIMA PANDEY,Independent,3070,3,3073,0.32
6,RAGHAVENDRA,Bhartiya Shakti Chetna Party,2027,1,2028,0.21
7,RAJKUMAR,Independent,1988,1,1989,0.21
8,VINOD KUMAR SINGH,Bhartiya Uday Nirman Party,1482,1,1483,0.16
9,NOTA,None of the Above,9048,7,9055,0.95
1,RUCHI VIRA,Samajwadi Party,636733,630,637363,49.67
2,KUNWAR SARVESH KUMAR,Bharatiya Janata Party,530176,1425,531601,41.43
3,MO IRFAN,Bahujan Samaj Party,92116,197,92313,7.19
4,AJAY YADAV,Apna Haq Party,4084,10,4094,0.32
5,MUSHARRAT HUSAIN,Independent,2583,0,2583,0.2
6,SADHNA SINGH,Independent,2292,4,2296,0.18
7,MOHD JAMSHED,Independent,1717,2,1719,0.13
8,ONKAR SINGH,Bharatiya Bahujan Samta Party,1449,10,1459,0.11
9,SHAKIL AHMED,Samata Party,1356,0,1356,0.11
10,HAR KISHORE SINGH,Socialist Unity Centre Of India (COMMUNIST),940,0,940,0.07
11,AMARJEET SINGH JATAV,Independent,937,15,952,0.07
12,GANGARAM SHARMA,Rashtriya Congress(J) Party,629,56,685,0.05
13,NOTA,None of the Above,5807,17,5824,0.45
1,JAGDAMBIKA PAL,Bharatiya Janata Party,462614,689,463303,45.47
2,BHISHMA SHANKAR ALIAS KUSHAL TIWARI,Samajwadi Party,418910,1665,420575,41.27
3,AMAR SINGH CHAUDHARY,Aazad Samaj Party (Kanshi Ram),81182,123,81305,7.98
4,MD. NADEEM,Bahujan Samaj Party,35654,282,35936,3.53
5,NAUSHAD AZAM,Peace Party,5134,4,5138,0.5
6,KIRAN DEVI,Independent,3258,3,3261,0.32
7,NOTA,None of the Above,9431,16,9447,0.93
1,RAM PRASAD CHAUDHARY,Samajwadi Party,523487,3518,527005,48.67
2,HARISH CHANDRA ALIAS HARISH DWIVEDI,Bharatiya Janata Party,424604,1407,426011,39.34
3,LAVKUSH PATEL,Bahujan Samaj Party,102818,483,103301,9.54
4,PANKAJ DUBEY,Log Party,4624,3,4627,0.43
5,PREM KUMAR,Moulik Adhikar Party,3607,4,3611,0.33
6,HAFIZ ALI,All India Forward Bloc,2985,3,2988,0.28
7,RAM KARAN GAUTAM,Independent,2640,5,2645,0.24
8,PRAMOD KUMAR,Independent,2554,3,2557,0.24
9,SHAILENDRA KUMAR,Bharat Mahaparivar Party,2361,3,2364,0.22
10,NOTA,None of the Above,7742,19,7761,0.72
1,LAXMIKANT PAPPU NISHAD,Samajwadi Party,497488,1207,498695,45.7
2,PRAVIN KUMAR NISHAD,Bharatiya Janata Party,405611,914,406525,37.25
3,NADEEM ASHRAF,Bahujan Samaj Party,150549,263,150812,13.82
4,DHEERAJ SRIVASTAV,Pragatisheel Samaj Party,5135,5,5140,0.47
5,RAM KRISHNA DWIVEDI,Independent,4509,0,4509,0.41
6,SATYVANT PRATAP SINGH,Independent,4351,7,4358,0.4
7,KULDEEP,Sardar Patel Siddhant Party,3591,4,3595,0.33
8,MITRASEN,Independent,2535,9,2544,0.23
9,RAJENDRA YADAV URF COLONEL SAHAB,Sarvjan Awaz Party,2229,10,2239,0.21
10,ANAND KUMAR GAUTAM,Independent,1840,10,1850,0.17
11,SUBHASH CHANDRA DUBEY,Naki Bharatiya Ekta Party,1702,6,1708,0.16
12,NOTA,None of the Above,9210,17,9227,0.85
1,PANKAJ CHAUDHARY,Bharatiya Janata Party,590487,823,591310,48.85
2,VIRENDRA CHAUDHARY,Indian National Congress,555045,814,555859,45.92
3,MO MAUSME ALAM,Bahujan Samaj Party,32893,62,32955,2.72
4,BRIJESH,Abhay Samaj Party,8575,8,8583,0.71
5,CHHEDI MAJDOOR,Independent,3833,1,3834,0.32
6,RAMPRIT,Independent,3028,1,3029,0.25
7,SUNIL,Independent,2716,2,2718,0.22
8,VINOD KUMAR PATEL,Sardar Patel Siddhant Party,2415,3,2418,0.2
9,NOTA,None of the Above,9730,15,9745,0.81
1,RAVINDRA SHUKLA ALIAS RAVI KISHAN,Bharatiya Janata Party,584512,1322,585834,50.75
2,KAJAL NISHAD,Samajwadi Party,480788,1520,482308,41.78
3,JAVED ASHRAF ALIAS JAVED SIMNANI,Bahujan Samaj Party,55660,121,55781,4.83
4,ANAND KUMAR YADAV ALIAS ANAND KUMAR FAUJI,Bharatheeya Jawan Kisan Party,4946,9,4955,0.43
5,PINTU SAHANI,Independent,4031,1,4032,0.35
6,SHIVSHANKAR PRAJAPATI,Bhagidari Party(P),2631,4,2635,0.23
7,SUDHANSHU,Independent,2393,2,2395,0.21
8,SANJAY SINGH RANA,Bhartiya Sarvdharm Party,2011,1,2012,0.17
9,NAFEES AKHTAR,Independent,1880,0,1880,0.16
10,ANKIT SHAH,Bharatiya Yuva Jan Ekta Party,1871,3,1874,0.16
11,AMITA BHARATI,Independent,1356,8,1364,0.12
12,SONU RAI,Mera Adhikaar Rashtriya Dal,891,7,898,0.08
13,SHRIRAM PRASAD,Al-Hind Party,762,2,764,0.07
14,NOTA,None of the Above,7652,29,7681,0.67
1,VIJAY KUMAR DUBAY,Bharatiya Janata Party,516006,339,516345,47.79
2,AJAY PRATAP SINGH URF PINTU SAITHWAR,Samajwadi Party,434210,345,434555,40.22
3,SUBH NARAYAN CHAUHAN,Bahujan Samaj Party,67155,53,67208,6.22
4,SWAMI PRASAD MAURYA,Rashtriya Shoshit Samaj Party,36559,16,36575,3.39
5,HARIKESH,Azad Adhikar Sena,4094,3,4097,0.38
6,RAMCHANDRA SINGH,Independent,3619,2,3621,0.34
7,SUNIL KUMAR SHUKLA,Bhartiya Lok Nayak Party,3529,3,3532,0.33
8,AMIY UPADHYAY,Independent,2432,1,2433,0.23
9,VEDPRAKASH MISHRA,Subhashwadi Bhartiya Samajwadi Party (Subhas Party),2332,3,2335,0.22
10,NOTA,None of the Above,9774,8,9782,0.91
1,SHASHANK MANI,Bharatiya Janata Party,503509,1032,504541,48.36
2,AKHILESH PRATAP SINGH,Indian National Congress,467946,1753,469699,45.02
3,SANDESH,Bahujan Samaj Party,45446,118,45564,4.37
4,SATENDER KUMAR MALL,Independent,4149,9,4158,0.4
5,MUKTINATH SINGH,Janta Samta Party,3261,3,3264,0.31
6,AGAMSWAROOP,Rashtriya Samanta Dal,3180,2,3182,0.3
7,RAFIK ANSARI,Independent,2687,1,2688,0.26
8,NOTA,None of the Above,10203,9,10212,0.98
1,KAMLESH PASWAN,Bharatiya Janata Party,427528,1165,428693,45.38
2,SADAL PRASAD,Indian National Congress,423872,1671,425543,45.04
3,RAMSAMUJH,Bahujan Samaj Party,64567,183,64750,6.85
4,GAYA PRASAD,Independent,6629,9,6638,0.7
5,SHRVAN KUMAR NIRALA,Independent,4139,3,4142,0.44
6,HEERALAL,Independent,2597,0,2597,0.27
7,MURLI DHAR,Independent,1741,4,1745,0.18
8,RAJENDRA CHAUDHARI,Independent,1629,5,1634,0.17
9,NOTA,None of the Above,9006,15,9021,0.95
1,DAROGA PRASAD SAROJ,Samajwadi Party,437567,2392,439959,43.85
2,NEELAM SONKER,Bharatiya Janata Party,324106,830,324936,32.38
3,INDU CHAUDHRI,Bahujan Samaj Party,209308,745,210053,20.93
4,GANGADEEN,Communist Party of India,12263,8,12271,1.22
5,BALINDAR,Janta Kranti Party (Rashtravadi),4157,1,4158,0.41
6,SUSHMITA SAROJ,Independent,2621,5,2626,0.26
7,RAM PYARE SHARAN VIJAITA,Independent,2337,4,2341,0.23
8,NOTA,None of the Above,7075,19,7094,0.71
1,DHARMENDRA YADAV,Samajwadi Party,504837,3402,508239,48.2
2,DINESH LAL YADAV “NIRAHUA”,Bharatiya Janata Party,345725,1479,347204,32.93
3,MASHHOD SABEEHA ANSARI,Bahujan Samaj Party,179189,650,179839,17.05
4,RAVINDRA NATH SHARMA,Moulik Adhikar Party,3038,4,3042,0.29
5,PARAS YADAV,Jan Raajya Party,2489,2,2491,0.24
6,SHASHIDHAR,Independent,2227,5,2232,0.21
7,MAHENDRA NATH YADAV,Moolniwasi Samaj Party,1904,1,1905,0.18
8,VIJAY KUMAR,Independent,1733,2,1735,0.16
9,PANKAJ KUMAR YADAV,Independent,1595,4,1599,0.15
10,NOTA,None of the Above,6211,23,6234,0.59
1,MOHIBBULLAH,Samajwadi Party,481252,251,481503,49.74
2,GHANSHYAM SINGH LODHI,Bharatiya Janata Party,393154,915,394069,40.71
3,ZEESHAN KHAN,Bahujan Samaj Party,79561,131,79692,8.23
4,ARSHAD WARSI,Minorities Democratic Party,2919,8,2927,0.3
5,MEHMOOD PRACHA,Independent,2750,9,2759,0.28
6,SHIV PRASAD,Independent,1465,11,1476,0.15
7,NOTA,None of the Above,5643,10,5653,0.58
1,RAJEEV RAI,Samajwadi Party,501407,1724,503131,43.73
2,DR. ARVIND RAJBHAR,Suheldev Bharatiya Samaj Party,339416,772,340188,29.57
3,BALKRISHNA CHAUHAN,Bahujan Samaj Party,208938,466,209404,18.2
4,LILAWATI RAJBHAR,Moolniwasi Samaj Party,47520,7,47527,4.13
5,PAWAN KUMAR CHAUHAN,Independent,7067,10,7077,0.62
6,VINOD KUMAR RAI,Communist Party of India,6987,6,6993,0.61
7,ROLI GUPTA,Akhil Bhartiya Hamara Samaj Party,4211,14,4225,0.37
8,VIRENDRA,Rashtriya Jantantrik Bharat Vikas Party,2344,3,2347,0.2
9,VIJAY,Socialist Unity Centre Of India (COMMUNIST),2240,1,2241,0.19
10,AWADHESH KUMAR CHAUHAN,Janta Kranti Party (Rashtravadi),2211,28,2239,0.19
11,SATISH CHAND PRAJAPATI FAUJI,Samajhdar Party,1918,3,1921,0.17
12,MADAN RAJBHAR,Mang Samaj Party,1895,10,1905,0.17
13,SAUDAGER,Independent,1892,0,1892,0.16
14,RAJENDRA RAM,Independent,1649,0,1649,0.14
15,YAKUB ANSARI,Peace Party,1568,5,1573,0.14
16,PREM CHAND,Pragatisheel Manav Samaj Party,1559,2,1561,0.14
17,SANTOSH KUMAR GUPTA,Janlok Vikas Party,1473,0,1473,0.13
18,JYOTIRMA PATHAK,Independent,1199,5,1204,0.1
19,BADRI NATH,Independent,1164,6,1170,0.1
20,PREMCHAND NAYAK,Independent,1116,1,1117,0.1
21,RAMNARESH YADAV,Jan Raajya Party,881,4,885,0.08
22,RAJIV KUMAR SINGH,Independent,855,2,857,0.07
23,ISHWAR DAYAL SINGH SETH,Bhartiya Sabka Dal,827,14,841,0.07
24,PRAGYESH KUMAR,Independent,816,2,818,0.07
25,RAMVACHAN,Sardar Patel Siddhant Party,771,2,773,0.07
26,RAJENDRA AGRAWAL,Independent,729,1,730,0.06
27,GOPAL SINGH,Azad Adhikar Sena,729,8,737,0.06
28,ISMAIL ANSARI,Aawami Pichhada Party,592,2,594,0.05
29,NOTA,None of the Above,3487,31,3518,0.31
1,RAMASHANKAR RAJBHAR,Samajwadi Party,403616,1856,405472,44.2
2,RAVINDAR KUSHAWAHA,Bharatiya Janata Party,400489,1410,401899,43.81
3,BHIM RAJBHAR,Bahujan Samaj Party,80291,308,80599,8.79
4,JAIBAHADUR ALIAS JAIBAHADUR CHAUHAN,Janta Kranti Party (Rashtravadi),8241,22,8263,0.9
5,SHREENARAYAN MISHRA,Akhil Bhartiya Sarvjan Hit Party,3878,14,3892,0.42
6,SADDAM HUSSAIN,Independent,3210,5,3215,0.35
7,SHRIKRISHNA,Independent,2527,5,2532,0.28
8,AMRESH THAKUR,Independent,2147,9,2156,0.24
9,SURYA PRAKASH GAUTAM,Sardar Patel Siddhant Party,1782,3,1785,0.19
10,NOTA,None of the Above,7520,29,7549,0.82
1,SANATAN PANDEY,Samajwadi Party,464473,2595,467068,46.37
2,NEERAJ SHEKHAR,Bharatiya Janata Party,421277,2407,423684,42.06
3,LALLAN SINGH YADAV,Bahujan Samaj Party,84943,262,85205,8.46
4,SUMESHWAR,Independent,5056,0,5056,0.5
5,SHESHNATH,Independent,3587,1,3588,0.36
6,RAVI KANT SINGH ALIAS RAVI PATEL,Sardar Patel Siddhant Party,3174,7,3181,0.32
7,RAMNIVAS GOND,Gondvana Gantantra Party,2642,30,2672,0.27
8,SURYA BALI PRASAD,Aazad Samaj Party (Kanshi Ram),2143,5,2148,0.21
9,RANJANA,Independent,1871,7,1878,0.19
10,ASHOK GUPTA,Independent,1339,8,1347,0.13
11,MANINDR,Independent,1186,1,1187,0.12
12,AVADHESH VERMA,Independent,1150,11,1161,0.12
13,PRAKASH KUMAR,Independent,960,0,960,0.1
14,NOTA,None of the Above,8167,20,8187,0.81
1,BABU SINGH KUSHWAHA,Samajwadi Party,506076,3054,509130,46.21
2,KRIPASHANKAR SINGH,Bharatiya Janata Party,408512,1283,409795,37.19
3,SHYAM SINGH YADAV,Bahujan Samaj Party,156691,446,157137,14.26
4,SARFARAZ AHMAD,Independent,2750,0,2750,0.25
5,ASHOK SINGH,Samaj Vikas Kranti Party,2749,6,2755,0.25
6,JIYALAL PRAJAPATI,Bhagidari Party(P),2232,3,2235,0.2
7,SHRIPATI MAURYA,Independent,2091,3,2094,0.19
8,SHAH ALAM,Apna Dal (Kamerawadi),2003,0,2003,0.18
9,FULACHANDR,Moulik Adhikar Party,1632,1,1633,0.15
10,KRIPASHANKAR C PANDEY,Independent,1446,1,1447,0.13
11,GOVIND LAL,Independent,1387,2,1389,0.13
12,RAM PYARE,Socialist Unity Centre Of India (COMMUNIST),1160,1,1161,0.11
13,NISHA PATEL,Sardar Patel Siddhant Party,1125,3,1128,0.1
14,BHARAT RAM,Pachchasi Parivartan Samaj Party,802,0,802,0.07
15,NOTA,None of the Above,6301,28,6329,0.57
1,PRIYA SAROJ,Samajwadi Party,449561,1731,451292,42.57
2,BHOLANATH (B.P. SAROJ),Bharatiya Janata Party,414494,948,415442,39.19
3,KRIPA SHANKAR SAROJ,Bahujan Samaj Party,156930,361,157291,14.84
4,SHRAVAN KUMAR,Independent,5804,3,5807,0.55
5,URMILA,Samaj Parivartan Party,5296,7,5303,0.5
6,SUBAS,Independent,3691,2,3693,0.35
7,RANG BAHADUR,Independent,2715,3,2718,0.26
8,BRIJESH KUMAR SAROJ,Prabuddhwadi Bahujan Morcha,2365,0,2365,0.22
9,RAJENDRA PRASAD,Rashtra Uday Party,2066,1,2067,0.19
10,RAM MILAN,Sardar Patel Siddhant Party,1713,3,1716,0.16
11,KAMLESH,Azad Samaj Party,1698,4,1702,0.16
12,BRIJESH KUMAR,Prithviraj Janshakti Party,1362,2,1364,0.13
13,NOTA,None of the Above,9277,26,9303,0.88
1,AFZAL ANSARI,Samajwadi Party,537784,2128,539912,46.82
2,PARS NATH RAI,Bharatiya Janata Party,413518,1533,415051,35.99
3,UMESH KUMAR SINGH,Bahujan Samaj Party,164601,363,164964,14.31
4,AJAY,Vishwa Kalyan Rashtriya Manav Samaj Party,5068,6,5074,0.44
5,NUSRAT ANSARI,Independent,4567,49,4616,0.4
6,ADITYA SHRIVASTAV,Yuga Thulasi Party,3312,4,3316,0.29
7,SATYDEV YADAV,Independent,3163,9,3172,0.28
8,GYANCHANDRA BIND,Independent,3127,8,3135,0.27
9,RAMPRAVESH,Moulik Adhikar Party,2830,3,2833,0.25
10,DHANANJAY KUMAR TIWARI,Bhartiya Lokvani Party,1949,7,1956,0.17
11,NOTA,None of the Above,9033,32,9065,0.79
1,BIRENDRA SINGH,Samajwadi Party,472928,1548,474476,42.5
2,DR. MAHENDRA NATH PANDEY,Bharatiya Janata Party,451802,1109,452911,40.57
3,SATYENDRA KUMAR MAURYA,Bahujan Samaj Party,159585,318,159903,14.32
4,SHOBHANATH PRAJAPATI,Bhagidari Party(P),4027,5,4032,0.36
5,SHER SINGH,Yuga Thulasi Party,3090,6,3096,0.28
6,SANTOSH KUMAR,Independent,2965,4,2969,0.27
7,RAJESH VISHWAKARMA,Moulik Adhikar Party,2759,3,2762,0.25
8,ARVIND KUMAR PATEL,Sardar Patel Siddhant Party,2734,11,2745,0.25
9,SANJAY KUMAR SINHA,Jai Hind National Party,2617,6,2623,0.23
10,RAM GOVIND,Samajhdar Party,1975,2,1977,0.18
11,NOTA,None of the Above,8987,18,9005,0.81
1,NARENDRA MODI,Bharatiya Janata Party,611439,1531,612970,54.24
2,AJAY RAI,Indian National Congress,459084,1373,460457,40.74
3,ATHER JAMAL LARI,Bahujan Samaj Party,33646,120,33766,2.99
4,KOLISETTY SHIVA KUMAR,Yuga Thulasi Party,5748,2,5750,0.51
5,GAGAN PRAKASH YADAV,Apna Dal (Kamerawadi),3619,15,3634,0.32
6,DINESH KUMAR YADAV,Independent,2912,5,2917,0.26
7,SANJAY KUMAR TIWARI,Independent,2170,1,2171,0.19
8,NOTA,None of the Above,8463,15,8478,0.75
1,DR. VINOD KUMAR BIND,Bharatiya Janata Party,458877,1105,459982,42.39
2,LALITESHPATI TRIPATHI,All India Trinamool Congress,414131,1779,415910,38.33
3,HARISHANKAR,Bahujan Samaj Party,154718,335,155053,14.29
4,PREMCHAND BIND,Pragatisheel Manav Samaj Party,13655,34,13689,1.26
5,RAJ NARAYAN PATEL,Sardar Patel Siddhant Party,6198,8,6206,0.57
6,RAM PRAKASH MISHRA,Rashtriya Samaj Paksha,5266,4,5270,0.49
7,SUSHIL,All India Forward Bloc,5254,7,5261,0.48
8,DR. SHYAMDHAR TIWARI,Independent,4842,6,4848,0.45
9,KRISHNA DEV,Rashtra Uday Party,4590,7,4597,0.42
10,DHIRENDRA KUMAR TIWARI,Independent,2944,4,2948,0.27
11,NOTA,None of the Above,11222,7,11229,1.03
1,ANUPRIYA PATEL,Apna Dal (Soneylal),470866,765,471631,42.67
2,RAMESH CHAND BIND,Samajwadi Party,433286,535,433821,39.25
3,MANISH KUMAR,Bahujan Samaj Party,144279,167,144446,13.07
4,RAJESH,Independent,10927,9,10936,0.99
5,LAL JI VERMA,Independent,6355,4,6359,0.58
6,ANIL KUMAR,Eklavya Samaj Party,6166,5,6171,0.56
7,DAULAT SINGH,Apna Dal (Kamerawadi),5227,8,5235,0.47
8,RAMDHANI,Rashtriya Samaj Paksha,4914,1,4915,0.44
9,SAMEER SINGH,All India Forward Bloc,3486,1,3487,0.32
10,SATYADEV,Purvanchal Mahapanchayat,3351,4,3355,0.3
11,NOTA,None of the Above,15043,6,15049,1.36
1,ZIA UR REHMAN,Samajwadi Party,570745,416,571161,47.8
2,PARMESHWAR LAL SAINI,Bharatiya Janata Party,448983,684,449667,37.63
3,CHAUDHARY SAULAT ALI,Bahujan Samaj Party,152317,143,152460,12.76
4,WASEEM SO MOH SHAMIM,Independent,3863,1,3864,0.32
5,MOHD WASEEM SO MOHD FAREED,Independent,2077,0,2077,0.17
6,JAYGAMUL ISLAM,Janta Shashan Party,1940,2,1942,0.16
7,ANUJ VARSHNEY,Independent,1674,3,1677,0.14
8,MAHANDRA SINGH,Independent,1291,3,1294,0.11
9,SANTOSH,Kisan Kranti Dal,1201,3,1204,0.1
10,DR RASHID,Peace Party,1059,1,1060,0.09
11,TAUFIK AHAMAD,Independent,722,1,723,0.06
12,PAVAN KUMAR,Log Party,636,1,637,0.05
13,NOTA,None of the Above,7213,4,7217,0.6
1,CHHOTELAL,Samajwadi Party,465240,608,465848,46.14
2,RINKI SINGH,Apna Dal (Soneylal),336344,270,336614,33.34
3,DHANESHWAR,Bahujan Samaj Party,118669,109,118778,11.77
4,ASHOK KUMAR KANNAUJIYA,Communist Party of India,23830,22,23852,2.36
5,SUBHAGI,Janhit Sankalp Party,8191,3,8194,0.81
6,ARVIND KUMAR BHARTI,Rashtriya Samanta Dal,7583,9,7592,0.75
7,SUKALU,Independent,6701,11,6712,0.66
8,SHIVPUJAN,Rashtriya Samaj Paksha,6422,22,6444,0.64
9,SONU NIGAM,Independent,6142,2,6144,0.61
10,CHANDRIKA PRASAD,Janta Kranti Party (Rashtravadi),3732,9,3741,0.37
11,PRABHUDAYAL,Rashtriya Samaj Dal (R),3470,1,3471,0.34
12,RAM SHIROMANI,Sardar Patel Siddhant Party,3116,7,3123,0.31
13,NOTA,None of the Above,19019,13,19032,1.89
1,KANWAR SINGH TANWAR,Bharatiya Janata Party,475210,1296,476506,42.9
2,KUNWAR DANISH ALI,Indian National Congress,447343,493,447836,40.32
3,MUJAHID HUSAIN,Bahujan Samaj Party,163885,214,164099,14.77
4,DHANISH,Independent,3615,2,3617,0.33
5,SURESH,Independent,2716,1,2717,0.24
6,JEETPAL RANA,Independent,2550,6,2556,0.23
7,SUHEL HAIDER,Akhil Bhartiya Parivar Party,2492,12,2504,0.23
8,NARENDRA SINGH,Independent,1776,3,1779,0.16
9,NAEEMUDDIN,Independent,1002,2,1004,0.09
10,KUSHAGRA,Independent,856,2,858,0.08
11,KASHIF HUSAIN,Independent,677,2,679,0.06
12,KUMDESH KUMAR,Independent,627,8,635,0.06
13,NOTA,None of the Above,5886,14,5900,0.53
1,IMRAN MASOOD,Indian National Congress,547383,584,547967,44.57
2,RAGHAV LAKHANPAL,Bharatiya Janata Party,482120,1305,483425,39.32
3,MAJID ALI,Bahujan Samaj Party,179994,359,180353,14.67
4,MOHD INAM,Akhil Bhartiya Parivar Party,5392,8,5400,0.44
5,SHABNAM,Independent,2370,3,2373,0.19
6,SHAHBAJ,Independent,1696,2,1698,0.14
7,RASHID KHAN,Independent,1227,3,1230,0.1
8,TASMEEM BANO,Independent,883,2,885,0.07
9,RAJKUMAR,Independent,807,6,813,0.07
10,KAMRAN,Independent,744,1,745,0.06
11,NOTA,None of the Above,4559,7,4566,0.37
1,ARUN GOVIL,Bharatiya Janata Party,544375,2094,546469,46.21
2,SUNITA VERMA,Samajwadi Party,535009,875,535884,45.32
3,DEVVRAT KUMAR TYAGI,Bahujan Samaj Party,86693,332,87025,7.36
4,BHUPENDRA PAL URF BHUPPI BHAI,Rashtriya Shoshit Samaj Party,2615,11,2626,0.22
5,HAJI AFZAL,Sabse Achchhi Party,2026,3,2029,0.17
6,ABID HUSAIN,Social Democratic Party Of India,1917,5,1922,0.16
7,LIYAKAT,Majloom Samaj Party,891,3,894,0.08
8,DR HIMANSHU BHATNAGAR,Jai Hind National Party,848,6,854,0.07
9,NOTA,None of the Above,4738,38,4776,0.4
1,DR RAJKUMAR SANGWAN,Rashtriya Lok Dal,485765,3202,488967,52.36
2,AMARPAL,Samajwadi Party,328487,1021,329508,35.29
3,PRAVEEN BANSAL,Bahujan Samaj Party,91740,526,92266,9.88
4,MUKESH KUMAR SHARMA,Azad Adhikar Sena,5441,82,5523,0.59
5,MAHENDER SINGH,Sarvjan Samta Party,4957,63,5020,0.54
6,SUKHVIR SINGH,Swatantra Jantaraj Party,4056,43,4099,0.44
7,RUBY KASHYAP,Sarvjan Lok Shakti Party,3202,78,3280,0.35
8,NOTA,None of the Above,4980,130,5110,0.55
1,ATUL GARG,Bharatiya Janata Party,853036,1134,854170,58.09
2,DOLLY SHARMA,Indian National Congress,516699,506,517205,35.17
3,NAND KISHOR PUNDIR,Bahujan Samaj Party,79387,138,79525,5.41
4,RAVI KUMAR PANCHAL,Independent,1965,1,1966,0.13
5,ANAND KUMAR,Rashtra Nirman Party,1174,4,1178,0.08
6,NATTHUSINGH CHAUDHARY,Independent,1159,3,1162,0.08
7,AURANGJEB,Independent,1120,0,1120,0.08
8,NAMAHA,Samaj Vikas Kranti Party,1079,1,1080,0.07
9,AVDESH KUMAR,Independent,1037,6,1043,0.07
10,POOJA SAXENA,Right to Recall Party,874,4,878,0.06
11,KAVITA,Independent,772,3,775,0.05
12,ANSUL GUPTA,Rashtriya Jan Karmath Party,763,1,764,0.05
13,DHIRENDRA SINGH BHADAURIYA,Subhashwadi Bhartiya Samajwadi Party (Subhas Party),696,4,700,0.05
14,ABHISHEK PUNDIR,Independent,652,1,653,0.04
15,NOTA,None of the Above,8195,16,8211,0.56
1,DR. MAHESH SHARMA,Bharatiya Janata Party,855413,2416,857829,59.69
2,DR. MAHENDRA SINGH NAGAR,Samajwadi Party,297697,660,298357,20.76
3,RAJENDRA SINGH SOLANKI,Bahujan Samaj Party,250962,653,251615,17.51
4,BHIM PRAKASH JIGYASU,Viro Ke Vir Indian Party,3873,2,3875,0.27
5,MOHD. MUMTAJ AALAM,Independent,2818,3,2821,0.2
6,SHIVAM ASHUTOSH,Independent,2637,4,2641,0.18
7,MANISH KUMAR DWIVEDI,Akhil Bhartiya Parivar Party,1769,3,1772,0.12
8,KISHOR SINGH,National Party,1739,28,1767,0.12
9,MAHKAR SINGH,Independent,1118,6,1124,0.08
10,KM. SHALU,Loktantrik Janshakti Party,1020,30,1050,0.07
11,PARAG KAUSHIK,Independent,945,1,946,0.07
12,NARESH NAUTIYAL,Bhartiya Rashtriya Jansatta,931,10,941,0.07
13,RAN SINGH DUDEE,Super Power India Party,905,3,908,0.06
14,RAJEEV MISHRA,Jai Hind National Party,642,15,657,0.05
15,NARAVEDASHVAR,Subhashwadi Bhartiya Samajwadi Party (Subhas Party),615,2,617,0.04
16,NOTA,None of the Above,10286,38,10324,0.72
1,DR BHOLA SINGH,Bharatiya Janata Party,594040,3270,597310,56.65
2,SHIVRAM,Indian National Congress,321043,1133,322176,30.56
3,GIRISH CHANDRA,Bahujan Samaj Party,116876,548,117424,11.14
4,RAJESH TUREHA,Rishivadi Karm Sheel Young Parmarthi Party,4391,10,4401,0.42
5,SONAM BHARTI,Independent,3558,42,3600,0.34
6,PRADEEP KUMAR,Independent,2547,16,2563,0.24
7,NOTA,None of the Above,6870,55,6925,0.66
1,SATISH KUMAR GAUTAM,Bharatiya Janata Party,500453,1381,501834,44.28
2,BIJENDRA SINGH,Samajwadi Party,485588,599,486187,42.9
3,HITENDRA KUMAR ALIAS BUNTY UPADHYAY,Bahujan Samaj Party,123770,159,123929,10.93
4,GYANI RAM,Independent,3795,4,3799,0.34
5,SATISH KUMAR,Independent,3553,8,3561,0.31
6,SATISH KUMAR,Swatantra Jantaraj Party,1647,1,1648,0.15
7,MANOJ KUMAR ALIAS MANOJ LODHI,Saman Adhikar Party,1434,6,1440,0.13
8,KESHAV DEV ALIAS PANDIT KESHAV DEV GAUTAM,Independent,1308,11,1319,0.12
9,SURENDRA,Moulik Adhikar Party,1175,3,1178,0.1
10,RAJESH KUMAR,Independent,1053,3,1056,0.09
11,DILEEP SHARMA AD.,Independent,952,3,955,0.08
12,MAHESH CHANDRA SHARMA,Independent,733,3,736,0.06
13,RAJ KUMAR,Rashtriya Shoshit Samaj Party,407,5,412,0.04
14,MANOJ KUMAR SHARMA ADVOCATE,Loktantrik Janshakti Party,371,7,378,0.03
15,NOTA,None of the Above,4916,18,4934,0.44
1,ANOOP PRADHAN BALMIKI,Bharatiya Janata Party,552334,2412,554746,51.24
2,JASVEER VALMIKI,Samajwadi Party,306637,791,307428,28.39
3,HEMBABOO DHANGAR,Bahujan Samaj Party,200876,387,201263,18.59
4,JAYPAL MAHOR,Independent,3044,17,3061,0.28
5,RAJPAL SINGH,Independent,2361,11,2372,0.22
6,GHANSHYAM SINGH,Swaraj Bhartiya Nyay Party,2329,16,2345,0.22
7,RAVI KUMAR,Independent,1638,7,1645,0.15
8,DR. JAYVEER SINGH DHANGAR,Rashtra Uday Party,1591,16,1607,0.15
9,DINESH SAI,Independent,1140,4,1144,0.11
10,MUNNALAL JATAV,Independent,803,7,810,0.07
11,NOTA,None of the Above,6257,42,6299,0.58
1,HEMAMALINI DHARMENDRA DEOL,Bharatiya Janata Party,507535,2529,510064,53.3
2,MUKESH DHANGAR,Indian National Congress,216043,614,216657,22.64
3,SURESH SINGH,Bahujan Samaj Party,188152,265,188417,19.69
4,BHANU PRATAP SINGH,Independent,15640,25,15665,1.64
5,RAKESH KUMAR,Independent,4492,2,4494,0.47
6,JAGDISH PRASAD KAUSHIK ADVOCATE,Rashtriya Samta Vikas Party,3567,8,3575,0.37
7,RAVI VERMA,Independent,2724,0,2724,0.28
8,SHIKHA SHARMA,Independent,2246,5,2251,0.24
9,KAMAL KANT SHARMA,Independent,1491,12,1503,0.16
10,YOGESH KUMAR TALAN,Independent,1491,2,1493,0.16
11,MONI FALHARI BAPU,Independent,1322,4,1326,0.14
12,KSHETRA PAL SINGH,Independent,1206,5,1211,0.13
13,DR. RASHMI YADAV,Independent,1183,6,1189,0.12
14,PRAVESHANAND PURI,Independent,1081,4,1085,0.11
15,SURESH CHANDRA VAGHEL,Rashtriya Shoshit Samaj Party,822,7,829,0.09
16,NOTA,None of the Above,4527,36,4563,0.48
1,PROF S P SINGH BAGHEL,Bharatiya Janata Party,597061,2336,599397,53.34
2,SURESH CHAND KARDAM,Samajwadi Party,326644,1459,328103,29.2
3,POOJA AMROHI,Bahujan Samaj Party,175810,664,176474,15.7
4,ARAM SINGH,Peoples Party of India (Democratic),4130,13,4143,0.37
5,KULDEEP KUMAR,Bharatiya Kisan Parivartan Party,1997,5,2002,0.18
6,MAHENDRA SINGH,Independent,1779,6,1785,0.16
7,POOJA,Independent,1363,7,1370,0.12
8,SARVESH KUMAR,Bharatiya Majdoor Janta Party,1123,10,1133,0.1
9,AMBEDAKARI HASANURAM AMBEDAKARI,Independent,927,6,933,0.08
10,JITENDRA GAUTAM,Lokpriya Rashtrawadi Party,780,2,782,0.07
11,CHANDRA PAL,Adarsh Samaj Party,640,3,643,0.06
12,NOTA,None of the Above,6929,85,7014,0.62
1,RAJKUMAR CHAHAR,Bharatiya Janata Party,442862,2795,445657,43.09
2,RAMNATH SINGH SIKARWAR,Indian National Congress,400572,1680,402252,38.9
3,PT. RAMNIWAS SHARMA,Bahujan Samaj Party,120143,396,120539,11.66
4,DR RAMESHWAR SINGH,Independent,48301,305,48606,4.7
5,KALLAN KUMBHKAR,Independent,3458,5,3463,0.33
6,HOTAM SINGH NISHAD,Rashtriya Shoshit Samaj Party,1805,5,1810,0.18
7,GIRRAJ SINGH DHAKREY,"Proutist Bloc, India",1556,8,1564,0.15
8,SANGEETA TOMAR,Bharatiya Majdoor Janta Party,1417,16,1433,0.14
9,VED PRAKASH,Rashtriya Jansanchar Dal,1031,7,1038,0.1
10,NOTA,None of the Above,7764,29,7793,0.75
1,IQRA CHOUDHARY,Samajwadi Party,526887,1126,528013,48.9
2,PRADEEP KUMAR,Bharatiya Janata Party,456075,2822,458897,42.5
3,SRIPAL,Bahujan Samaj Party,75978,222,76200,7.06
4,JAHID,Social Democratic Party Of India,3316,4,3320,0.31
5,SHOKINDER KUMAR,Independent,1983,2,1985,0.18
6,MANOJ RANA,Independent,1925,11,1936,0.18
7,VIKAS KUMAR,Independent,1098,2,1100,0.1
8,OMBEER,Azad Adhikar Sena,1088,8,1096,0.1
9,VIKRAM SINGH,Independent,897,3,900,0.08
10,PRITI KASHYAP,Rashtriya Mazdoor Ekta Party,781,10,791,0.07
11,VIKRAM SAINI,Akhand Bharat Swatantra Party,776,4,780,0.07
12,YOGESH,Independent,664,6,670,0.06
13,MOHD KADIR,Independent,436,6,442,0.04
14,NAND KISHOOR,Aapki Apni Party (Peoples),420,7,427,0.04
15,NOTA,None of the Above,3213,36,3249,0.3
1,AKSHAYA YADAV,Samajwadi Party,541861,1176,543037,49.04
2,VISHWADEEP SINGH,Bharatiya Janata Party,452946,779,453725,40.98
3,CHOWDHARY BASHEER,Bahujan Samaj Party,90849,99,90948,8.21
4,UPENDRA SINGH,Bharatiya Kisan Parivartan Party,7111,8,7119,0.64
5,RASHMI KANT,Parivartan Samaj Party,2927,3,2930,0.26
6,PREM DUTT,Rashtra Uday Party,2876,2,2878,0.26
7,RAJVEER,Independent,1367,13,1380,0.12
8,NOTA,None of the Above,5273,6,5279,0.48
1,DIMPLE YADAV,Samajwadi Party,596710,1816,598526,56.79
2,JAYVEER SINGH,Bharatiya Janata Party,375895,992,376887,35.76
3,SHIV PRASAD YADAV,Bahujan Samaj Party,66697,117,66814,6.34
4,SURESH CHANDRA,Independent,2366,8,2374,0.23
5,NAND RAM BAGRI,Voters Party International,1765,4,1769,0.17
6,MANJU PAL,Bhartiya Shakti Chetna Party,1148,23,1171,0.11
7,PRAMOD KUMAR,Independent,994,12,1006,0.1
8,SUNIL KUMAR MISHRA,Sarva Samaj Janata Party,878,4,882,0.08
9,NOTA,None of the Above,4570,12,4582,0.43
1,DEVESH SHAKYA,Samajwadi Party,474263,1545,475808,47.09
2,RAJVEER SINGH (RAJU BHAIYA),Bharatiya Janata Party,446748,1008,447756,44.32
3,MOHAMMAD IRFAN ADVOCATE,Bahujan Samaj Party,71407,178,71585,7.08
4,ANUPAM KUMAR,Kisan Kranti Dal,3944,5,3949,0.39
5,KAILASH KUMAR,Independent,1728,0,1728,0.17
6,DANVEER,Independent,1261,4,1265,0.13
7,UDAY VEER SINGH,Peoples Party of India (Democratic),985,7,992,0.1
8,ASHOK KUMAR,Independent,777,3,780,0.08
9,VIABHAV MISHRA,Bhartiya Shakti Chetna Party,742,5,747,0.07
10,AMAR SINGH,Independent,609,6,615,0.06
11,NOTA,None of the Above,5145,11,5156,0.51
1,ADITYA YADAV,Samajwadi Party,501390,465,501855,45.97
2,DURVIJAY SINGH SHAKYA,Bharatiya Janata Party,466323,541,466864,42.76
3,MUSLIM KHAN,Bahujan Samaj Party,97686,65,97751,8.95
4,SANDEEP KUMAR,Independent,3835,1,3836,0.35
5,DINESH KUMAR,Independent,2672,2,2674,0.24
6,LATA YADAV,Independent,2572,6,2578,0.24
7,NILAM RANI PAL,Rashtriya Shoshit Samaj Party,2428,10,2438,0.22
8,RAM PRATAP MAURYA,Independent,1542,1,1543,0.14
9,ISRAT ALI,Independent,1512,1,1513,0.14
10,SULEMAN,Swaraj Bhartiya Nyay Party,1240,0,1240,0.11
11,HARIRAJ SINGH URF SIPU YADAV,Log Party,909,1,910,0.08
12,NOTA,None of the Above,8553,9,8562,0.78
1,NEERAJ MAURYA,Samajwadi Party,491119,1396,492515,45.23
2,DHARMENDRA KASHYAP,Bharatiya Janata Party,475434,1112,476546,43.76
3,ABID ALI,Bahujan Samaj Party,95407,223,95630,8.78
4,KAUSAR KHAN,Peace Party,4210,3,4213,0.39
5,PREM PAL SAGAR,Vanchitsamaj Insaaf Party,3328,2,3330,0.31
6,MAKKHAN LAL,Independent,2946,7,2953,0.27
7,RAJ KUMAR PATEL,Sardar Patel Siddhant Party,2700,6,2706,0.25
8,MOHAMMAD AMIR KHAN,Bharat Jodo Party,2348,7,2355,0.22
9,NIRMOD KUMAR SINGH,Bhartiya Shakti Chetna Party,1785,5,1790,0.16
10,NOTA,None of the Above,6843,15,6858,0.63
1,CHHATRA PAL SINGH GANGWAR,Bharatiya Janata Party,565600,1527,567127,50.66
2,PRAVEEN SINGH ARON,Samajwadi Party,530825,1498,532323,47.55
3,IRSHAD ANSARI ADVOCATE,Peace Party,3548,5,3553,0.32
4,WASEEM MIAN,Independent,2839,0,2839,0.25
5,BHUPENDRA KUMAR MAURYA,Peoples Party of India (Democratic),1702,2,1704,0.15
6,BUDDH PRIYA KARMRAJ RAHUL,Independent,1192,2,1194,0.11
7,ROHTASH KASHYAP,Jan Shakti Ekta Party,844,3,847,0.08
8,JAGPAL SINGH YADAV,Samrat Mihir Bhoj Samaj Party,654,2,656,0.06
9,RAVI KUMAR,Sardar Patel Siddhant Party,626,1,627,0.06
10,MOHD NAJIM ALI,Bharat Jodo Party,624,9,633,0.06
11,NITIN MOHAN,Independent,619,1,620,0.06
12,ASHISH GANGWAR,Independent,616,0,616,0.06
13,AYSHA BI,Independent,550,9,559,0.05
14,NOTA,None of the Above,6226,34,6260,0.56
1,JITIN PRASADA,Bharatiya Janata Party,605199,1959,607158,52.3
2,BHAGWAT SARAN GANGWAR,Samajwadi Party,439735,2488,442223,38.09
3,ANIS AHMED KHAN (PHOOL BABU),Bahujan Samaj Party,89252,445,89697,7.73
4,RAJEEV KUMAR SAXENA,Bhartiya Krishak Dal,3800,9,3809,0.33
5,SUSHIL KUMAR SHUKLA,Independent,2723,4,2727,0.23
6,MOHMMAD SHAHID HUSAIN,Independent,1842,4,1846,0.16
7,ASHISH KUMAR,Independent,1842,8,1850,0.16
8,ADARSH PANDEY,Independent,1714,12,1726,0.15
9,SANJAY KUMAR BHARTI,Rashtriya Samaj Dal (R),1621,10,1631,0.14
10,PRAMOD BHAI PATEL ALIAS P.K.,Independent,1525,14,1539,0.13
11,NOTA,None of the Above,6714,27,6741,0.58
1,ARUN KUMAR SAGAR,Bharatiya Janata Party,591500,1218,592718,47.5
2,JYOTSNA GOND,Samajwadi Party,534720,2619,537339,43.06
3,DOD RAM VERMA,Bahujan Samaj Party,91302,408,91710,7.35
4,KIRAN,Rashtriya Sanatan Party,6587,1,6588,0.53
5,SHIV KUMAR,Independent,2805,0,2805,0.22
6,MEENA KASYAP,Independent,2051,10,2061,0.17
7,PRADEEP KUMAR,Independent,1996,9,2005,0.16
8,PREMCHANDRA HARIJAN,Sardar Patel Siddhant Party,1686,1,1687,0.14
9,DHARM PAL,Independent,1413,10,1423,0.11
10,RAMESH CHANDRA VERMA,Manav Kranti Party,1076,0,1076,0.09
11,NOTA,None of the Above,8449,41,8490,0.68
1,UTKARSH VERMA 'MADHUR',Samajwadi Party,555277,2088,557365,45.94
2,AJAY KUMAR,Bharatiya Janata Party,521954,1082,523036,43.11
3,ANSHAY KALRA,Bahujan Samaj Party,110122,338,110460,9.1
4,SANDHYA JAISWAL,Parivartan Samaj Party,3093,3,3096,0.26
5,SATENDRA KUMAR MAURYA,Independent,2980,2,2982,0.25
6,OM NATH SINGH,Rashtriya Shoshit Samaj Party,2298,2,2300,0.19
7,NARESH SINGH BHADAURIYA,Independent,2107,4,2111,0.17
8,MUKESH KUMAR (BHARTI),Rashtriya Vikalp Party,1266,3,1269,0.1
9,KHANJAN,Netaji Subhash Chander Bose Rashtriya Azad Party,1018,1,1019,0.08
10,DARWARI URF DARWARI LAL CHAUHAN,Janta Kranti Party,935,1,936,0.08
11,KM. PANCHSHEELA ANAND,Uttar Pradesh Republican Party,845,9,854,0.07
12,NOTA,None of the Above,7915,16,7931,0.65
1,ANAND BHADAURIYA,Samajwadi Party,442650,1093,443743,39.91
2,REKHA VERMA,Bharatiya Janata Party,438573,721,439294,39.51
3,SHYAM KISHOR AWASTHI,Bahujan Samaj Party,184964,510,185474,16.68
4,JANARDAN PRASAD,Communist Party of India,15898,2,15900,1.43
5,RAJESH KUMAR,Political Justice Party,5020,3,5023,0.45
6,ASHUTOSH PATHAK,Aam Janta Party (India),3550,6,3556,0.32
7,SUDESH KUMAR,Lok Jan Sangharsh Party,2811,3,2814,0.25
8,SAMRENDRA KUMAR,Independent,2482,2,2484,0.22
9,VIJAY KUMAR TIWARI,Independent,2017,0,2017,0.18
10,KASIM ALI,Peace Party,1809,3,1812,0.16
11,SAKASEN,Sardar Patel Siddhant Party,1295,1,1296,0.12
12,RAM NARESH,Independent,1290,0,1290,0.12
13,NOTA,None of the Above,7133,11,7144,0.64
1,HARENDRA SINGH MALIK,Samajwadi Party,469804,917,470721,43.64
2,SANJEEV KUMAR BALYAN,Bharatiya Janata Party,443815,2234,446049,41.35
3,DARA SINGH PRAJAPATI,Bahujan Samaj Party,143323,384,143707,13.32
4,SUNIL TYAGI,Independent,7131,36,7167,0.66
5,KAVITA,Rashtrawadi Janlok Party (Satya),1970,30,2000,0.19
6,SHASHIKANT SHAMAR,Independent,1429,2,1431,0.13
7,BIRBAL SINGH,Vishal Janta Party,1419,2,1421,0.13
8,NEEL KUMAR,Jai Samta Party,858,3,861,0.08
9,RESHU SHARMA,Independent,679,5,684,0.06
10,ANKUR,Independent,362,10,372,0.03
11,MANUJ VERMA,Independent,333,7,340,0.03
12,NOTA,None of the Above,3884,32,3916,0.36
1,RAKESH RATHOR,Indian National Congress,530467,671,531138,48.2
2,RAJESH VERMA,Bharatiya Janata Party,441066,431,441497,40.06
3,MAHENDRA SINGH YADAV,Bahujan Samaj Party,99284,80,99364,9.02
4,MO. KASHIF ANSARI,Apna Dal (Kamerawadi),7585,1,7586,0.69
5,LEKHRAJ LODHI,Aazad Samaj Party (Kanshi Ram),6734,0,6734,0.61
6,VIDYAWATI GAUTAM,Independent,4193,1,4194,0.38
7,CHANDRA SHEKHAR VERMA,Rashtriya Shoshit Samaj Party,2429,0,2429,0.22
8,RAM ADHAR VERMA,Sardar Patel Siddhant Party,2114,1,2115,0.19
9,NOTA,None of the Above,6954,4,6958,0.63
1,JAI PRAKASH,Bharatiya Janata Party,485745,1053,486798,44.25
2,USHA VERMA,Samajwadi Party,457553,1389,458942,41.72
3,BHIMRAO AMBEDKAR,Bahujan Samaj Party,122334,295,122629,11.15
4,SHIVE KUMAR,Independent,4897,1,4898,0.45
5,SHYAM KUMAR,Peoples Party of India (Democratic),4196,4,4200,0.38
6,SUNIL KUMAR VERMA,Independent,3819,2,3821,0.35
7,INDRAPAL PASI,Justice Party,2945,1,2946,0.27
8,MUNNA LAL,Naari Nar Rakshak Party,1588,1,1589,0.14
9,OM PRAKASH,Independent,1559,2,1561,0.14
10,AWADESH KUMAR,Independent,1420,4,1424,0.13
11,PRADEEP KUMAR,Bhartiya Krishak Dal,1349,5,1354,0.12
12,BRAHMA PRASAD,Lok Jan Sangharsh Party,1139,1,1140,0.1
13,NOTA,None of the Above,8778,36,8814,0.8
1,ASHOK KUMAR RAWAT,Bharatiya Janata Party,473971,1045,475016,45.15
2,SANGITA RAJVANSHI,Samajwadi Party,440157,1453,441610,41.98
3,B R AHIRWAR,Bahujan Samaj Party,111670,275,111945,10.64
4,RAMPAL,Independent,3973,5,3978,0.38
5,LALIT KUMAR,Bhartiya Shakti Chetna Party,3811,4,3815,0.36
6,Neelam Singh,Independent,2899,6,2905,0.28
7,VANDNA VERMA,Naari Nar Rakshak Party,1907,5,1912,0.18
8,AVDHESH,Independent,1419,4,1423,0.14
9,SAVITRI DEVI,Rashtriya Janshakti Samaj Party,1347,3,1350,0.13
10,NOTA,None of the Above,7997,32,8029,0.76
1,SWAMI SACHCHIDANAND HARI SAKSHI,Bharatiya Janata Party,614832,1301,616133,47.31
2,ANNU TANDON,Samajwadi Party,577699,2616,580315,44.56
3,ASHOK KUMAR PANDEY,Bahujan Samaj Party,72245,282,72527,5.57
4,SAIF KHAN,Parcham Party of India,8390,14,8404,0.65
5,UMESH,Independent,5625,10,5635,0.43
6,SHIV PRAKASH SINGH,Independent,4107,11,4118,0.32
7,SAIYYAD SARFARAZ GANDHI,Independent,3018,5,3023,0.23
8,HIMANSHU SHARMA,Bhartiya Shakti Chetna Party,2656,7,2663,0.2
9,NOTA,None of the Above,9430,23,9453,0.73
1,R.K. CHAUDHARY,Samajwadi Party,666560,1309,667869,48.49
2,KAUSHAL KISHORE,Bharatiya Janata Party,596197,1380,597577,43.38
3,RAJESH KUMAR,Bahujan Samaj Party,88257,204,88461,6.42
4,MAHENDRA,Independent,2654,7,2661,0.19
5,SUSHIL KUMAR,Independent,2626,1,2627,0.19
6,RAMESH KUMAR,Independent,1839,2,1841,0.13
7,SUNITA CHHEDA PASI,Aam Janta Party (India),1736,13,1749,0.13
8,S. L.SINGH,Peoples Party of India (Democratic),1711,6,1717,0.12
9,BRIJESH KUMAR VIKRAM,Rashtriya Samaj Paksha,1648,7,1655,0.12
10,JITENDRA KUMAR,Independent,1402,12,1414,0.1
11,SURAJ KUMAR,Sardar Patel Siddhant Party,1010,5,1015,0.07
12,NOTA,None of the Above,8838,28,8866,0.64
1,RAJ NATH SINGH,Bharatiya Janata Party,610597,2112,612709,53.89
2,RAVIDAS MEHROTRA,Samajwadi Party,476303,1247,477550,42.0
3,MOHAMMAD SARWAR MALIK,Bahujan Samaj Party,29982,210,30192,2.66
4,MO AHMAD URF RINKU,Social Democratic Party Of India,3251,4,3255,0.29
5,AKHAND PRATAP SINGH,Independent,1465,8,1473,0.13
6,SARVAR ALI,Sarvar Party,1199,3,1202,0.11
7,ISHTIYAQ ALI,Independent,929,5,934,0.08
8,KAPIL MOHAN CHOWDHARY,Mera Adhikaar Rashtriya Dal,815,2,817,0.07
9,GAURAV VERMA,Hindu Samaj Party,801,6,807,0.07
10,BRIJESH KUMAR YADAV,Kisan Vishwa Party,601,2,603,0.05
11,NOTA,None of the Above,7316,34,7350,0.65
1,RAHUL GANDHI,Indian National Congress,686044,1605,687649,66.17
2,DINESH PRATAP SINGH,Bharatiya Janata Party,296703,916,297619,28.64
3,THAKUR PRASAD YADAV,Bahujan Samaj Party,21588,36,21624,2.08
4,DILEEP SINGH,Akhil Bhartiya Apna Dal,8676,2,8678,0.84
5,HORILAL,Independent,5397,2,5399,0.52
6,SUDARSHAN RAM,Bhartiya Panchsheel Party,4343,2,4345,0.42
7,HIND ROHITASH,Manavtawadi Samaj Party,3859,0,3859,0.37
8,MO MOBIN,Apna Dal (Kamerawadi),2173,1,2174,0.21
9,NOTA,None of the Above,7861,11,7872,0.76
1,KISHORI LAL,Indian National Congress,536680,2548,539228,54.99
2,SMRITI IRANI,Bharatiya Janata Party,370754,1278,372032,37.94
3,NANHE SINGH CHAUHAN,Bahujan Samaj Party,34418,116,34534,3.52
4,SURENDRA KUMAR,Independent,5699,0,5699,0.58
5,DINESH CHANDRA MAURYA,Janshakti Samta Party,4569,8,4577,0.47
6,JAGDAMBA PRASAD YADAV,Independent,4019,1,4020,0.41
7,BHAGWANDIN PASI,Moulik Adhikar Party,2333,1,2334,0.24
8,CHANDRAWATI,Independent,2278,13,2291,0.23
9,MOHD HASAN LAHRI,Rashtriya Narayanwadi Vikas Party,1525,2,1527,0.16
10,KHUSHIRAM,Independent,1401,0,1401,0.14
11,UDAYRAJ,Independent,1300,5,1305,0.13
12,SANTRAM,Samajhdar Party,1208,4,1212,0.12
13,SHAILENDRA KUMAR MISHRA,Sanyogwadi Party,1124,4,1128,0.12
14,NOTA,None of the Above,9371,12,9383,0.96
1,RAMBHUAL NISHAD,Samajwadi Party,442886,1444,444330,43.0
2,MANEKA SANJAY GANDHI,Bharatiya Janata Party,399859,1297,401156,38.82
3,UDRAJ VERMA,Bahujan Samaj Party,162603,422,163025,15.78
4,ABDUL MABOOD,Apna Desh Party,4295,2,4297,0.42
5,MOHAMMAD ASIF,Independent,3382,5,3387,0.33
6,UDAYRAJ VERMA,Independent,2900,9,2909,0.28
7,GIRISH LAL,Azad Party,2305,6,2311,0.22
8,DR SHIV SHANKAR INDIAN,Most Backward Classes Of India,2085,5,2090,0.2
9,JAY PRAKASH,Sardar Patel Siddhant Party,1364,5,1369,0.13
10,NOTA,None of the Above,8500,13,8513,0.82
1,SHIV PAL SINGH PATEL (DR. S P SINGH),Samajwadi Party,439836,2096,441932,46.65
2,SANGAM LAL GUPTA,Bharatiya Janata Party,374208,1518,375726,39.66
3,PRATHMESH MISHRA 'SENANI',Bahujan Samaj Party,79872,272,80144,8.46
4,SANDEEP SINGH,National Jan Dal,5270,16,5286,0.56
5,ARUN KUMAR PANDEY,Hindustan Samaj Party,4984,7,4991,0.53
6,SHIV RAM SHARMA,Moulik Adhikar Party,4709,2,4711,0.5
7,AMAR SINGH,Independent,4135,3,4138,0.44
8,SUNIL CHANDRA PAL,Rashtra Uday Party,3337,3,3340,0.35
9,AJEET PRATAP,Independent,2581,0,2581,0.27
10,VIJAY SINGH,Sanatan Sanskriti Raksha Dal,2457,2,2459,0.26
11,RISHI PATEL,Apna Dal (Kamerawadi),2425,4,2429,0.26
12,MAHESH KUMAR PRAJAPATI,Samajhdar Party,1963,1,1964,0.21
13,DHANANJAY,Independent,1622,1,1623,0.17
14,GEETA DEVI,Bhartiya Lokmat Rashtrwadi Party,1582,12,1594,0.17
15,RAMSIDDH YADAV URF R.S.YADAV,Manavtawadi Samaj Party,1326,1,1327,0.14
16,SUNIL KUMAR MISHRA,Independent,1134,2,1136,0.12
17,SHANKAR SUMAN TIVARI,Independent,1128,1,1129,0.12
18,DURGESH KUMAR,Rastriya Atal Janta Party,1113,3,1116,0.12
19,RAM KUMAR YADAV,Socialist Unity Centre Of India (COMMUNIST),1070,1,1071,0.11
20,SHIV PAL PATEL,Independent,1025,5,1030,0.11
21,DHARMENDRA TIWARI,Log Party,992,1,993,0.1
22,JOKHU PATEL,Sardar Patel Siddhant Party,969,2,971,0.1
23,SHRAWAN KUMAR TRIPATHI,Independent,849,2,851,0.09
24,DHYAN SINGH,Independent,675,3,678,0.07
25,PRAMOD KUMAR,Independent,672,2,674,0.07
26,MOHRAM ALI,Independent,501,2,503,0.05
27,NOTA,None of the Above,2869,22,2891,0.31
1,CHANDAN CHAUHAN,Rashtriya Lok Dal,402604,1889,404493,39.48
2,DEEPAK,Samajwadi Party,366226,759,366985,35.82
3,VIJENDER SINGH,Bahujan Samaj Party,218294,692,218986,21.38
4,ABDUL BARI,Jai Samta Party,8046,26,8072,0.79
5,DEEPAK KUMAR,Independent,7284,34,7318,0.71
6,ZAHEER,Independent,2780,8,2788,0.27
7,RAJAPAL,Peoples Party of India (Democratic),2361,12,2373,0.23
8,MOHD. SHAHJAD,Independent,2342,5,2347,0.23
9,FARMAN,Majloom Samaj Party,2334,9,2343,0.23
10,CHANDAN SINGH,Independent,2132,44,2176,0.21
11,RAMDHAN SINGH,Majdoor Kisan Union Party,2088,17,2105,0.21
12,NOTA,None of the Above,4386,60,4446,0.43
1,MUKESH RAJPUT,Bharatiya Janata Party,486925,1038,487963,47.2
2,DR. NAVAL KISHOR SHAKYA,Samajwadi Party,484485,800,485285,46.94
3,KRANTI PANDEY,Bahujan Samaj Party,45274,116,45390,4.39
4,AMAR SINGH,Bharatiya Rashtriya Morcha,3345,13,3358,0.32
5,HARNANDAN SINGH,Independent,2457,12,2469,0.24
6,SHYAMVEER SINGH,Bharatiya Nagrik Party,2431,3,2434,0.24
7,VIDYAPRAKASH,Bharatheeya Jawan Kisan Party,1456,11,1467,0.14
8,DINESH,Bhartiya Shakti Chetna Party,1061,2,1063,0.1
9,NOTA,None of the Above,4350,15,4365,0.42
1,JITENDRA KUMAR DOHARE,Samajwadi Party,489358,1389,490747,47.47
2,DR RAM SHANKAR KATHERIA,Bharatiya Janata Party,430922,1406,432328,41.82
3,SARIKA SINGH BAGHEL,Bahujan Samaj Party,96253,288,96541,9.34
4,SUNIL SHANKWAR ADVOCATE,Independent,2954,9,2963,0.29
5,MULAYAM SINGH,Independent,1688,20,1708,0.17
6,BHUVNESH KUMARI,Samyak Party,1648,9,1657,0.16
7,VIVEK RAJ,Janta Samajwadi Party (Vivek Raj),1569,5,1574,0.15
8,NOTA,None of the Above,6229,37,6266,0.61
1,AKHILESH YADAV,Samajwadi Party,640207,2085,642292,52.74
2,SUBRAT PATHAK,Bharatiya Janata Party,470131,1239,471370,38.71
3,IMRAN BIN ZAFAR,Bahujan Samaj Party,81471,168,81639,6.7
4,ALOK VERMA,Rashtriya Shoshit Samaj Party,4484,8,4492,0.37
5,LALIT KUMARI,Independent,3262,5,3267,0.27
6,SINOD KUMAR,Independent,1732,1,1733,0.14
7,RAJ KATHERIA,Independent,1463,1,1464,0.12
8,BHANU PRATAP SINGH DOHRE,Independent,1430,2,1432,0.12
9,SHAILENDRA KUMAR,Bharatiya Kisan Parivartan Party,1141,10,1151,0.09
10,YADVENDRA KISHOR,Independent,1061,1,1062,0.09
11,SUBHASH CHANDRA,All India Forward Bloc,799,2,801,0.07
12,SUNIL,Bhartiya Shakti Chetna Party,738,1,739,0.06
13,PRAMOD KUMAR YADAV,Bhartiya Krishak Dal,557,3,560,0.05
14,PURUSHOTTAM TIWARI,Independent,541,2,543,0.04
15,IRFAN ALI,Independent,463,7,470,0.04
16,NOTA,None of the Above,4805,13,4818,0.4
1,RAMESH AWASTHI,Bharatiya Janata Party,440609,2446,443055,49.93
2,ALOK MISRA,Indian National Congress,419469,2618,422087,47.56
3,KULDEEP BHADAURIYA,Bahujan Samaj Party,11843,189,12032,1.36
4,ASHOK PASWAN ADVOCATE,Sabhi Jan Party,1969,5,1974,0.22
5,ALOK MISHRA,Independent,1186,12,1198,0.14
6,MANOJ KUMAR,Independent,776,2,778,0.09
7,AJAY KUMAR MISHRA,Independent,671,1,672,0.08
8,PRASHAST DHEER,All India Forward Bloc,462,3,465,0.05
9,ARVIND KUMAR SRIVASTAVA,Independent,394,4,398,0.04
10,SANJAY SINGH,"Proutist Bloc, India",348,2,350,0.04
11,VALENDRA KATIYAR,Socialist Unity Centre Of India (COMMUNIST),267,3,270,0.03
12,NOTA,None of the Above,4048,69,4117,0.46
1,DEVENDRA SINGH ALIAS BHOLE SINGH,Bharatiya Janata Party,514256,3167,517423,47.6
2,RAJARAM PAL,Samajwadi Party,469766,3312,473078,43.52
3,RAJESH KUMAR DWIVEDI,Bahujan Samaj Party,72679,461,73140,6.73
4,RAJARAM,Independent,4629,13,4642,0.43
5,ASHOK PASWAN ADVOCATE,Sabhi Jan Party,3160,13,3173,0.29
6,CHANDRESH SINGH,Bhartiya Shakti Chetna Party,2641,13,2654,0.24
7,YOGESH JAISWAL,Independent,2529,14,2543,0.23
8,VIPIN KUMAR,Rashtriya Sanskriti Party,1489,5,1494,0.14
9,RAMGOPAL,Rashtriya Janutthan Party,1146,11,1157,0.11
10,NOTA,None of the Above,7523,126,7649,0.7
1,NARAYAN DAS AHIRWAR,Samajwadi Party,529444,736,530180,46.96
2,BHANU PRATAP SINGH VERMA,Bharatiya Janata Party,475232,1050,476282,42.19
3,SURESH CHANDRA GAUTAM,Bahujan Samaj Party,100105,143,100248,8.88
4,BRIJ MOHAN,Independent,4666,7,4673,0.41
5,NAGENDRA KUMAR,Bhartiya Shakti Chetna Party,3205,7,3212,0.28
6,PREMLATA VERMA,Independent,3176,24,3200,0.28
7,NOTA,None of the Above,11138,16,11154,0.99
1,ANURAG SHARMA,Bharatiya Janata Party,689438,878,690316,50.0
2,"PRADEEP JAIN ""ADITYA""",Indian National Congress,587000,702,587702,42.57
3,RAVI PRAKASH,Bahujan Samaj Party,63106,86,63192,4.58
4,LAKHAN LAL,Independent,6832,0,6832,0.49
5,RAMESH,Independent,6330,8,6338,0.46
6,GANESH RAM,Independent,2574,1,2575,0.19
7,CHANDAN SINGH,Apna Dal (Kamerawadi),2487,4,2491,0.18
8,DHARMENDRA PRATAP,Independent,2299,4,2303,0.17
9,INDRA SINGH,Independent,2076,2,2078,0.15
10,ER. DEEPAK KUMAR VERMA,Al-Hind Party,1375,2,1377,0.1
11,NOTA,None of the Above,15290,12,15302,1.11
1,AJENDRA SINGH LODHI,Samajwadi Party,490003,680,490683,44.0
2,KUNWAR PUSHPENDRA SINGH CHANDEL,Bharatiya Janata Party,487373,681,488054,43.76
3,NIRDOSH KUMAR DIXIT,Bahujan Samaj Party,94564,132,94696,8.49
4,ANUPAM KUMAR TRIPATHI,Bhartiya Shakti Chetna Party,6401,6,6407,0.57
5,BRIJESH KUMAR PAL,Rashtra Uday Party,4516,11,4527,0.41
6,BHUVANENDRA NARAYAN SINGH,Independent,4315,5,4320,0.39
7,SANTOSH KUMAR,Independent,3776,1,3777,0.34
8,RAJESH SINGH,Independent,3605,2,3607,0.32
9,SURESH KUMAR,Eklavya Samaj Party,2181,0,2181,0.2
10,SANJIV KUMAR,Spashtwadi Jan Aadhar Party,2003,0,2003,0.18
11,DHARMRAJ,Al-Hind Party,1589,2,1591,0.14
12,NOTA,None of the Above,13442,11,13453,1.21
1,KRISHNA DEVI SHIVSHANKER PATEL,Samajwadi Party,406018,549,406567,38.94
2,R. K. SINGH PATEL,Bharatiya Janata Party,334950,407,335357,32.12
3,MAYANK DWIVEDI,Bahujan Samaj Party,245530,215,245745,23.54
4,RAMCHANDRA SARAS,Communist Party of India,9436,2,9438,0.9
5,PANCHA URF PANCHAMLAL,Bhagidari Party(P),7714,3,7717,0.74
6,GULAB CHANDER BARMA,Rashtra Uday Party,5905,2,5907,0.57
7,RAMCHRAN,Independent,5419,4,5423,0.52
8,SURENDRA KUMAR,Swatantra Jantaraj Party,4380,2,4382,0.42
9,SHRIRAM SINGH GAUR,Bhartiya Shakti Chetna Party,3347,3,3350,0.32
10,DINESH KUMAR PATEL,Sardar Patel Siddhant Party,2507,1,2508,0.24
11,BABULAL,Log Party,2358,3,2361,0.23
12,PRAMOD AZAD,Apna Dal (Kamerawadi),2141,1,2142,0.21
13,NOTA,None of the Above,13226,9,13235,1.27
1,NARESH CHANDRA UTTAM PATEL,Samajwadi Party,499866,462,500328,45.2
2,NIRANJAN JYOTI,Bharatiya Janata Party,466249,880,467129,42.2
3,MANISH SINGH SACHAN,Bahujan Samaj Party,90897,73,90970,8.22
4,BIRENDRA SINGH,Independent,7917,3,7920,0.72
5,KAMLESH KUMAR SINGH,Parivartan Samaj Party,5212,7,5219,0.47
6,PANKAJ AWASTHI,Independent,4456,1,4457,0.4
7,RAMKISHOR,Rashtra Uday Party,4075,4,4079,0.37
8,JITENDRA KUMAR MAURYA,Independent,3333,3,3336,0.3
9,KULDEEP KUSHWAHA,Independent,2724,2,2726,0.25
10,RAJ BAHADUR,Peoples Party of India (Democratic),2653,1,2654,0.24
11,NIRAJ KUMAR,Akhil Bhartiya Parivar Party,2561,6,2567,0.23
12,RAM BIHARI,Bhartiya Shakti Chetna Party,2342,2,2344,0.21
13,NEERAJ LODHI,Vikas Insaf Party,2028,5,2033,0.18
14,JAY CHANDRA KUMAR,Vishwa Kalyan Rashtriya Manav Samaj Party,1602,2,1604,0.14
15,RAJESH KUMAR PATEL,Sardar Patel Siddhant Party,1449,9,1458,0.13
16,NOTA,None of the Above,8108,12,8120,0.73
1,CHANDRASHEKHAR,Aazad Samaj Party (Kanshi Ram),511812,740,512552,51.19
2,OM KUMAR,Bharatiya Janata Party,359751,1328,361079,36.06
3,MANOJ KUMAR,Samajwadi Party,102104,270,102374,10.22
4,SURENDRA PAL SINGH,Bahujan Samaj Party,13212,60,13272,1.33
5,JOGENDRA,Independent,4509,9,4518,0.45
6,SANJEEV KUMAR,Independent,2195,6,2201,0.22
7,NOTA,None of the Above,5287,20,5307,0.53
1,PUSHPENDRA SAROJ,Samajwadi Party,509175,612,509787,50.51
2,VINOD KUMAR SONKAR,Bharatiya Janata Party,405142,701,405843,40.21
3,SHUBH NARAYAN,Bahujan Samaj Party,55797,61,55858,5.53
4,PUSHPENDRA KUMAR SAROJ,Independent,5178,6,5184,0.51
5,NARENDRA KUMAR,Apna Dal (Kamerawadi),5127,4,5131,0.51
6,SANJAY KUMAR,Independent,4631,3,4634,0.46
7,RAJENDRA SONKAR URF PANNA BHAIYA,Independent,3421,0,3421,0.34
8,PRADEEP KUMAR,Independent,2539,2,2541,0.25
9,RAMESHWAR PRASAD,Bhartiya Shakti Chetna Party,2011,2,2013,0.2
10,RAM ASREY,Manavtawadi Samaj Party,1948,2,1950,0.19
11,NOTA,None of the Above,12958,9,12967,1.28
1,PRAVEEN PATEL,Bharatiya Janata Party,451380,1220,452600,44.6
2,AMAR NATH SINGH MAURYA,Samajwadi Party,446596,1672,448268,44.17
3,JAGANNATH PAL,Bahujan Samaj Party,82375,211,82586,8.14
4,MAHIMA PATEL,Apna Dal (Kamerawadi),4134,28,4162,0.41
5,JILA JEET BHARTIY,Bahujan Awam Party,3294,5,3299,0.33
6,SUNIL KUMAR PRAJAPATI,Bhagidari Party(P),3040,7,3047,0.3
7,ENGG YOGESH KUSHWAHA,Pragatisheel Samaj Party,2768,3,2771,0.27
8,AKHILESH TRIPATHI,Independent,2295,3,2298,0.23
9,NAFIS AHAMAD,Independent,2145,2,2147,0.21
10,DR NEERAJ,Independent,1702,8,1710,0.17
11,SANJEEV KUMAR MISHRA,Yuva Vikas Party,1675,4,1679,0.17
12,MUSHIR AHMAD SIDDIQUI,Peoples Party of India (Democratic),1505,1,1506,0.15
13,SANGEETA YADAV,Subhashwadi Bhartiya Samajwadi Party (Subhas Party),1283,8,1291,0.13
14,LALA RAM SAROJ,Prabuddhwadi Bahujan Morcha,1043,9,1052,0.1
15,PRAMOD BHAI PATEL URF P K,Sardar Patel Siddhant Party,947,1,948,0.09
16,NOTA,None of the Above,5445,15,5460,0.54
1,UJJWAL RAMAN SINGH,Indian National Congress,461100,1045,462145,48.8
2,NEERAJ TRIPATHI,Bharatiya Janata Party,402659,691,403350,42.59
3,RAMESH KUMAR PATEL,Bahujan Samaj Party,49045,99,49144,5.19
4,GOPAL SWROOP JOSHI,Independent,4248,0,4248,0.45
5,AJEET KUMAR PATEL,Pragatisheel Samaj Party,2641,1,2642,0.28
6,MOOLNIWASI HEMRAJ SINGH,Peoples Party of India (Democratic),2350,5,2355,0.25
7,GEETA RANI SHARMA,Independent,2197,0,2197,0.23
8,HANSHRAJ KOL,Apna Dal (Kamerawadi),2137,4,2141,0.23
9,RAJENDRA PRASAD PRAJAPATI,Bhagidari Party(P),1844,3,1847,0.2
10,AVANEESH KUMAR,Independent,1834,1,1835,0.19
11,ANUJ SWAROOP SHUKLA,Independent,1615,1,1616,0.17
12,SHIV PRASAD VISHWAKARMA,Samyak Party,1326,0,1326,0.14
13,SARVAJEET SINGH,Kamera Samaj Party,1177,0,1177,0.12
14,RAJDHAR SINGH PATEL,Rashtriya Samaj Dal (R),1024,1,1025,0.11
15,NOTA,None of the Above,9949,3,9952,1.05
1,TANUJ PUNIA,Indian National Congress,718528,1399,719927,55.78
2,RAJRANI RAWAT,Bharatiya Janata Party,503452,771,504223,39.07
3,SHIV KUMAR DOHAREY,Bahujan Samaj Party,39105,72,39177,3.04
4,BABOORAM,Independent,3669,0,3669,0.28
5,RAMLAKHAN PASI,Independent,2927,1,2928,0.23
6,MITHALESH KUMARI,Independent,2320,1,2321,0.18
7,DEVATADEEN GAUTAM,Independent,2172,1,2173,0.17
8,ASHA DEVI,Swatantrata Abhivyakti Party,2018,2,2020,0.16
9,PROF. (DR.) RAM GHULAM RAZDAN,Public Adhikar Socialist Indian Party,1493,0,1493,0.12
10,MAHENDRA KUMAR RAWAT,Awami Samta Party,1189,1,1190,0.09
11,OMKAR,Independent,1137,1,1138,0.09
12,ADVOCATE SANTOSH RAWAT,Dr. Bhimrao Ambedkar Dal,1076,2,1078,0.08
13,PREMCHANDRA HARIJAN,Sardar Patel Siddhant Party,1075,1,1076,0.08
14,NOTA,None of the Above,8220,1,8221,0.64
1,AWADHESH PRASAD,Samajwadi Party,553549,740,554289,48.59
2,LALLU SINGH,Bharatiya Janata Party,499002,720,499722,43.81
3,SACHIDANAND PANDEY,Bahujan Samaj Party,46347,60,46407,4.07
4,ARVIND SEN,Communist Party of India,15353,14,15367,1.35
5,SUNIL KUMAR BHATT,Independent,3826,1,3827,0.34
6,KANCHAN YADAV,Moulik Adhikar Party,2662,4,2666,0.23
7,AMBRISH DEV GUPTA,Bharat Mahaparivar Party,2216,2,2218,0.19
8,FAREED SALMANI,Independent,1779,1,1780,0.16
9,LAL MANI URF L.M. TRIPATHI (BHAI SAHAB),Independent,1717,0,1717,0.15
10,ANIL KUMAR RAVAT,Rashtriya Janshakti Samaj Party,1636,2,1638,0.14
11,JAGAT SINGH,Independent,1252,2,1254,0.11
12,BRAJENDRA DUTT TRIPATHI URF B. D. TRIPATHI,Adarshwaadi Congress Party,1163,10,1173,0.1
13,ARUN KUMAR,Independent,1063,4,1067,0.09
14,NOTA,None of the Above,7529,7,7536,0.66
1,LALJI VERMA,Samajwadi Party,543721,1238,544959,46.3
2,RITESH PANDEY,Bharatiya Janata Party,406851,861,407712,34.64
3,QAMAR HAYAT,Bahujan Samaj Party,199252,247,199499,16.95
4,NEELAM SINGH,Moolniwasi Samaj Party,4321,10,4331,0.37
5,SHABANA KHATOON,Peace Party,3983,7,3990,0.34
6,JAVED AHMAD SIDDIQUI,Independent,3857,3,3860,0.33
7,RAM NARESH PRAJAPATI,Bhagidari Party(P),3410,3,3413,0.29
8,VIVEK KUMAR,Bhartiya Shakti Chetna Party,1848,2,1850,0.16
9,NOTA,None of the Above,7429,19,7448,0.63
1,ANAND KUMAR,Bharatiya Janata Party,518575,227,518802,49.1
2,RAMESH CHANDRA,Samajwadi Party,454454,121,454575,43.02
3,DR. BRIJESH KUMAR,Bahujan Samaj Party,50422,26,50448,4.77
4,ARVIND KUMAR,Bhartiya Awam Party (Rastriya),6158,2,6160,0.58
5,RAMESH BALMIKI,Independent,3223,4,3227,0.31
6,BECHULAL,Independent,2919,1,2920,0.28
7,JANARDAN GOND,Independent,2672,1,2673,0.25
8,RAM MILAN,Sardar Patel Siddhant Party,1699,0,1699,0.16
9,RINKU SAHANI,Rashtra Dharak Dal,1681,2,1683,0.16
10,JAGRAM,Independent,1514,1,1515,0.14
11,NOTA,None of the Above,12862,2,12864,1.22
1,KARAN BHUSHAN SINGH,Bharatiya Janata Party,570436,827,571263,53.79
2,BHAGAT RAM,Samajwadi Party,422012,408,422420,39.77
3,NARENDRA PANDEY,Bahujan Samaj Party,44217,62,44279,4.17
4,ARUNIMA PANDEY,Independent,9230,20,9250,0.87
5,NOTA,None of the Above,14872,15,14887,1.4
1,RAM SHIROMANI VERMA,Samajwadi Party,510754,301,511055,48.83
2,SAKET MISRA,Bharatiya Janata Party,434192,190,434382,41.51
3,MUINUDDIN AHAMAD KHAN URF HAZI DADDAN KHAN,Bahujan Samaj Party,56225,26,56251,5.38
4,AHMAD JIYA KHAN,Peace Party,15630,0,15630,1.49
5,SHANTI DEVI,Independent,4010,1,4011,0.38
6,SUJEET KUMAR,Independent,3946,0,3946,0.38
7,YUGAL KISHOR SHUKLA,Aam Janta Party (India),2672,1,2673,0.26
8,KRISHNA KUMAR MAURYA,Samyak Party,2266,1,2267,0.22
9,MALIK RAM,Independent,2111,2,2113,0.2
10,ANIL KUMAR TIWARI,Independent,1513,1,1514,0.14
11,HANUMAN PRASAD MISHRA,Kisan Mazdoor Sangharsh Party,1494,1,1495,0.14
12,KUMARI GEETA GAUTAM,Rashtriya Janta Party,1317,2,1319,0.13
13,NOTA,None of the Above,9872,0,9872,0.94
1,KIRTIVARDHAN SINGH,Bharatiya Janata Party,473691,567,474258,49.77
2,SHREYA VERMA,Samajwadi Party,427363,671,428034,44.92
3,SAURABH,Bahujan Samaj Party,29388,41,29429,3.09
4,RAM UJAGAR,Independent,3535,0,3535,0.37
5,ARUNIMA PANDEY,Independent,3070,3,3073,0.32
6,RAGHAVENDRA,Bhartiya Shakti Chetna Party,2027,1,2028,0.21
7,RAJKUMAR,Independent,1988,1,1989,0.21
8,VINOD KUMAR SINGH,Bhartiya Uday Nirman Party,1482,1,1483,0.16
9,NOTA,None of the Above,9048,7,9055,0.95
1,RUCHI VIRA,Samajwadi Party,636733,630,637363,49.67
2,KUNWAR SARVESH KUMAR,Bharatiya Janata Party,530176,1425,531601,41.43
3,MO IRFAN,Bahujan Samaj Party,92116,197,92313,7.19
4,AJAY YADAV,Apna Haq Party,4084,10,4094,0.32
5,MUSHARRAT HUSAIN,Independent,2583,0,2583,0.2
6,SADHNA SINGH,Independent,2292,4,2296,0.18
7,MOHD JAMSHED,Independent,1717,2,1719,0.13
8,ONKAR SINGH,Bharatiya Bahujan Samta Party,1449,10,1459,0.11
9,SHAKIL AHMED,Samata Party,1356,0,1356,0.11
10,HAR KISHORE SINGH,Socialist Unity Centre Of India (COMMUNIST),940,0,940,0.07
11,AMARJEET SINGH JATAV,Independent,937,15,952,0.07
12,GANGARAM SHARMA,Rashtriya Congress(J) Party,629,56,685,0.05
13,NOTA,None of the Above,5807,17,5824,0.45
1,JAGDAMBIKA PAL,Bharatiya Janata Party,462614,689,463303,45.47
2,BHISHMA SHANKAR ALIAS KUSHAL TIWARI,Samajwadi Party,418910,1665,420575,41.27
3,AMAR SINGH CHAUDHARY,Aazad Samaj Party (Kanshi Ram),81182,123,81305,7.98
4,MD. NADEEM,Bahujan Samaj Party,35654,282,35936,3.53
5,NAUSHAD AZAM,Peace Party,5134,4,5138,0.5
6,KIRAN DEVI,Independent,3258,3,3261,0.32
7,NOTA,None of the Above,9431,16,9447,0.93
1,RAM PRASAD CHAUDHARY,Samajwadi Party,523487,3518,527005,48.67
2,HARISH CHANDRA ALIAS HARISH DWIVEDI,Bharatiya Janata Party,424604,1407,426011,39.34
3,LAVKUSH PATEL,Bahujan Samaj Party,102818,483,103301,9.54
4,PANKAJ DUBEY,Log Party,4624,3,4627,0.43
5,PREM KUMAR,Moulik Adhikar Party,3607,4,3611,0.33
6,HAFIZ ALI,All India Forward Bloc,2985,3,2988,0.28
7,RAM KARAN GAUTAM,Independent,2640,5,2645,0.24
8,PRAMOD KUMAR,Independent,2554,3,2557,0.24
9,SHAILENDRA KUMAR,Bharat Mahaparivar Party,2361,3,2364,0.22
10,NOTA,None of the Above,7742,19,7761,0.72
1,LAXMIKANT PAPPU NISHAD,Samajwadi Party,497488,1207,498695,45.7
2,PRAVIN KUMAR NISHAD,Bharatiya Janata Party,405611,914,406525,37.25
3,NADEEM ASHRAF,Bahujan Samaj Party,150549,263,150812,13.82
4,DHEERAJ SRIVASTAV,Pragatisheel Samaj Party,5135,5,5140,0.47
5,RAM KRISHNA DWIVEDI,Independent,4509,0,4509,0.41
6,SATYVANT PRATAP SINGH,Independent,4351,7,4358,0.4
7,KULDEEP,Sardar Patel Siddhant Party,3591,4,3595,0.33
8,MITRASEN,Independent,2535,9,2544,0.23
9,RAJENDRA YADAV URF COLONEL SAHAB,Sarvjan Awaz Party,2229,10,2239,0.21
10,ANAND KUMAR GAUTAM,Independent,1840,10,1850,0.17
11,SUBHASH CHANDRA DUBEY,Naki Bharatiya Ekta Party,1702,6,1708,0.16
12,NOTA,None of the Above,9210,17,9227,0.85
1,PANKAJ CHAUDHARY,Bharatiya Janata Party,590487,823,591310,48.85
2,VIRENDRA CHAUDHARY,Indian National Congress,555045,814,555859,45.92
3,MO MAUSME ALAM,Bahujan Samaj Party,32893,62,32955,2.72
4,BRIJESH,Abhay Samaj Party,8575,8,8583,0.71
5,CHHEDI MAJDOOR,Independent,3833,1,3834,0.32
6,RAMPRIT,Independent,3028,1,3029,0.25
7,SUNIL,Independent,2716,2,2718,0.22
8,VINOD KUMAR PATEL,Sardar Patel Siddhant Party,2415,3,2418,0.2
9,NOTA,None of the Above,9730,15,9745,0.81
1,RAVINDRA SHUKLA ALIAS RAVI KISHAN,Bharatiya Janata Party,584512,1322,585834,50.75
2,KAJAL NISHAD,Samajwadi Party,480788,1520,482308,41.78
3,JAVED ASHRAF ALIAS JAVED SIMNANI,Bahujan Samaj Party,55660,121,55781,4.83
4,ANAND KUMAR YADAV ALIAS ANAND KUMAR FAUJI,Bharatheeya Jawan Kisan Party,4946,9,4955,0.43
5,PINTU SAHANI,Independent,4031,1,4032,0.35
6,SHIVSHANKAR PRAJAPATI,Bhagidari Party(P),2631,4,2635,0.23
7,SUDHANSHU,Independent,2393,2,2395,0.21
8,SANJAY SINGH RANA,Bhartiya Sarvdharm Party,2011,1,2012,0.17
9,NAFEES AKHTAR,Independent,1880,0,1880,0.16
10,ANKIT SHAH,Bharatiya Yuva Jan Ekta Party,1871,3,1874,0.16
11,AMITA BHARATI,Independent,1356,8,1364,0.12
12,SONU RAI,Mera Adhikaar Rashtriya Dal,891,7,898,0.08
13,SHRIRAM PRASAD,Al-Hind Party,762,2,764,0.07
14,NOTA,None of the Above,7652,29,7681,0.67
1,VIJAY KUMAR DUBAY,Bharatiya Janata Party,516006,339,516345,47.79
2,AJAY PRATAP SINGH URF PINTU SAITHWAR,Samajwadi Party,434210,345,434555,40.22
3,SUBH NARAYAN CHAUHAN,Bahujan Samaj Party,67155,53,67208,6.22
4,SWAMI PRASAD MAURYA,Rashtriya Shoshit Samaj Party,36559,16,36575,3.39
5,HARIKESH,Azad Adhikar Sena,4094,3,4097,0.38
6,RAMCHANDRA SINGH,Independent,3619,2,3621,0.34
7,SUNIL KUMAR SHUKLA,Bhartiya Lok Nayak Party,3529,3,3532,0.33
8,AMIY UPADHYAY,Independent,2432,1,2433,0.23
9,VEDPRAKASH MISHRA,Subhashwadi Bhartiya Samajwadi Party (Subhas Party),2332,3,2335,0.22
10,NOTA,None of the Above,9774,8,9782,0.91
1,SHASHANK MANI,Bharatiya Janata Party,503509,1032,504541,48.36
2,AKHILESH PRATAP SINGH,Indian National Congress,467946,1753,469699,45.02
3,SANDESH,Bahujan Samaj Party,45446,118,45564,4.37
4,SATENDER KUMAR MALL,Independent,4149,9,4158,0.4
5,MUKTINATH SINGH,Janta Samta Party,3261,3,3264,0.31
6,AGAMSWAROOP,Rashtriya Samanta Dal,3180,2,3182,0.3
7,RAFIK ANSARI,Independent,2687,1,2688,0.26
8,NOTA,None of the Above,10203,9,10212,0.98
1,KAMLESH PASWAN,Bharatiya Janata Party,427528,1165,428693,45.38
2,SADAL PRASAD,Indian National Congress,423872,1671,425543,45.04
3,RAMSAMUJH,Bahujan Samaj Party,64567,183,64750,6.85
4,GAYA PRASAD,Independent,6629,9,6638,0.7
5,SHRVAN KUMAR NIRALA,Independent,4139,3,4142,0.44
6,HEERALAL,Independent,2597,0,2597,0.27
7,MURLI DHAR,Independent,1741,4,1745,0.18
8,RAJENDRA CHAUDHARI,Independent,1629,5,1634,0.17
9,NOTA,None of the Above,9006,15,9021,0.95
1,DAROGA PRASAD SAROJ,Samajwadi Party,437567,2392,439959,43.85
2,NEELAM SONKER,Bharatiya Janata Party,324106,830,324936,32.38
3,INDU CHAUDHRI,Bahujan Samaj Party,209308,745,210053,20.93
4,GANGADEEN,Communist Party of India,12263,8,12271,1.22
5,BALINDAR,Janta Kranti Party (Rashtravadi),4157,1,4158,0.41
6,SUSHMITA SAROJ,Independent,2621,5,2626,0.26
7,RAM PYARE SHARAN VIJAITA,Independent,2337,4,2341,0.23
8,NOTA,None of the Above,7075,19,7094,0.71
1,DHARMENDRA YADAV,Samajwadi Party,504837,3402,508239,48.2
2,DINESH LAL YADAV “NIRAHUA”,Bharatiya Janata Party,345725,1479,347204,32.93
3,MASHHOD SABEEHA ANSARI,Bahujan Samaj Party,179189,650,179839,17.05
4,RAVINDRA NATH SHARMA,Moulik Adhikar Party,3038,4,3042,0.29
5,PARAS YADAV,Jan Raajya Party,2489,2,2491,0.24
6,SHASHIDHAR,Independent,2227,5,2232,0.21
7,MAHENDRA NATH YADAV,Moolniwasi Samaj Party,1904,1,1905,0.18
8,VIJAY KUMAR,Independent,1733,2,1735,0.16
9,PANKAJ KUMAR YADAV,Independent,1595,4,1599,0.15
10,NOTA,None of the Above,6211,23,6234,0.59
1,MOHIBBULLAH,Samajwadi Party,481252,251,481503,49.74
2,GHANSHYAM SINGH LODHI,Bharatiya Janata Party,393154,915,394069,40.71
3,ZEESHAN KHAN,Bahujan Samaj Party,79561,131,79692,8.23
4,ARSHAD WARSI,Minorities Democratic Party,2919,8,2927,0.3
5,MEHMOOD PRACHA,Independent,2750,9,2759,0.28
6,SHIV PRASAD,Independent,1465,11,1476,0.15
7,NOTA,None of the Above,5643,10,5653,0.58
1,RAJEEV RAI,Samajwadi Party,501407,1724,503131,43.73
2,DR. ARVIND RAJBHAR,Suheldev Bharatiya Samaj Party,339416,772,340188,29.57
3,BALKRISHNA CHAUHAN,Bahujan Samaj Party,208938,466,209404,18.2
4,LILAWATI RAJBHAR,Moolniwasi Samaj Party,47520,7,47527,4.13
5,PAWAN KUMAR CHAUHAN,Independent,7067,10,7077,0.62
6,VINOD KUMAR RAI,Communist Party of India,6987,6,6993,0.61
7,ROLI GUPTA,Akhil Bhartiya Hamara Samaj Party,4211,14,4225,0.37
8,VIRENDRA,Rashtriya Jantantrik Bharat Vikas Party,2344,3,2347,0.2
9,VIJAY,Socialist Unity Centre Of India (COMMUNIST),2240,1,2241,0.19
10,AWADHESH KUMAR CHAUHAN,Janta Kranti Party (Rashtravadi),2211,28,2239,0.19
11,SATISH CHAND PRAJAPATI FAUJI,Samajhdar Party,1918,3,1921,0.17
12,MADAN RAJBHAR,Mang Samaj Party,1895,10,1905,0.17
13,SAUDAGER,Independent,1892,0,1892,0.16
14,RAJENDRA RAM,Independent,1649,0,1649,0.14
15,YAKUB ANSARI,Peace Party,1568,5,1573,0.14
16,PREM CHAND,Pragatisheel Manav Samaj Party,1559,2,1561,0.14
17,SANTOSH KUMAR GUPTA,Janlok Vikas Party,1473,0,1473,0.13
18,JYOTIRMA PATHAK,Independent,1199,5,1204,0.1
19,BADRI NATH,Independent,1164,6,1170,0.1
20,PREMCHAND NAYAK,Independent,1116,1,1117,0.1
21,RAMNARESH YADAV,Jan Raajya Party,881,4,885,0.08
22,RAJIV KUMAR SINGH,Independent,855,2,857,0.07
23,ISHWAR DAYAL SINGH SETH,Bhartiya Sabka Dal,827,14,841,0.07
24,PRAGYESH KUMAR,Independent,816,2,818,0.07
25,RAMVACHAN,Sardar Patel Siddhant Party,771,2,773,0.07
26,RAJENDRA AGRAWAL,Independent,729,1,730,0.06
27,GOPAL SINGH,Azad Adhikar Sena,729,8,737,0.06
28,ISMAIL ANSARI,Aawami Pichhada Party,592,2,594,0.05
29,NOTA,None of the Above,3487,31,3518,0.31
1,RAMASHANKAR RAJBHAR,Samajwadi Party,403616,1856,405472,44.2
2,RAVINDAR KUSHAWAHA,Bharatiya Janata Party,400489,1410,401899,43.81
3,BHIM RAJBHAR,Bahujan Samaj Party,80291,308,80599,8.79
4,JAIBAHADUR ALIAS JAIBAHADUR CHAUHAN,Janta Kranti Party (Rashtravadi),8241,22,8263,0.9
5,SHREENARAYAN MISHRA,Akhil Bhartiya Sarvjan Hit Party,3878,14,3892,0.42
6,SADDAM HUSSAIN,Independent,3210,5,3215,0.35
7,SHRIKRISHNA,Independent,2527,5,2532,0.28
8,AMRESH THAKUR,Independent,2147,9,2156,0.24
9,SURYA PRAKASH GAUTAM,Sardar Patel Siddhant Party,1782,3,1785,0.19
10,NOTA,None of the Above,7520,29,7549,0.82
1,SANATAN PANDEY,Samajwadi Party,464473,2595,467068,46.37
2,NEERAJ SHEKHAR,Bharatiya Janata Party,421277,2407,423684,42.06
3,LALLAN SINGH YADAV,Bahujan Samaj Party,84943,262,85205,8.46
4,SUMESHWAR,Independent,5056,0,5056,0.5
5,SHESHNATH,Independent,3587,1,3588,0.36
6,RAVI KANT SINGH ALIAS RAVI PATEL,Sardar Patel Siddhant Party,3174,7,3181,0.32
7,RAMNIVAS GOND,Gondvana Gantantra Party,2642,30,2672,0.27
8,SURYA BALI PRASAD,Aazad Samaj Party (Kanshi Ram),2143,5,2148,0.21
9,RANJANA,Independent,1871,7,1878,0.19
10,ASHOK GUPTA,Independent,1339,8,1347,0.13
11,MANINDR,Independent,1186,1,1187,0.12
12,AVADHESH VERMA,Independent,1150,11,1161,0.12
13,PRAKASH KUMAR,Independent,960,0,960,0.1
14,NOTA,None of the Above,8167,20,8187,0.81
1,BABU SINGH KUSHWAHA,Samajwadi Party,506076,3054,509130,46.21
2,KRIPASHANKAR SINGH,Bharatiya Janata Party,408512,1283,409795,37.19
3,SHYAM SINGH YADAV,Bahujan Samaj Party,156691,446,157137,14.26
4,SARFARAZ AHMAD,Independent,2750,0,2750,0.25
5,ASHOK SINGH,Samaj Vikas Kranti Party,2749,6,2755,0.25
6,JIYALAL PRAJAPATI,Bhagidari Party(P),2232,3,2235,0.2
7,SHRIPATI MAURYA,Independent,2091,3,2094,0.19
8,SHAH ALAM,Apna Dal (Kamerawadi),2003,0,2003,0.18
9,FULACHANDR,Moulik Adhikar Party,1632,1,1633,0.15
10,KRIPASHANKAR C PANDEY,Independent,1446,1,1447,0.13
11,GOVIND LAL,Independent,1387,2,1389,0.13
12,RAM PYARE,Socialist Unity Centre Of India (COMMUNIST),1160,1,1161,0.11
13,NISHA PATEL,Sardar Patel Siddhant Party,1125,3,1128,0.1
14,BHARAT RAM,Pachchasi Parivartan Samaj Party,802,0,802,0.07
15,NOTA,None of the Above,6301,28,6329,0.57
1,PRIYA SAROJ,Samajwadi Party,449561,1731,451292,42.57
2,BHOLANATH (B.P. SAROJ),Bharatiya Janata Party,414494,948,415442,39.19
3,KRIPA SHANKAR SAROJ,Bahujan Samaj Party,156930,361,157291,14.84
4,SHRAVAN KUMAR,Independent,5804,3,5807,0.55
5,URMILA,Samaj Parivartan Party,5296,7,5303,0.5
6,SUBAS,Independent,3691,2,3693,0.35
7,RANG BAHADUR,Independent,2715,3,2718,0.26
8,BRIJESH KUMAR SAROJ,Prabuddhwadi Bahujan Morcha,2365,0,2365,0.22
9,RAJENDRA PRASAD,Rashtra Uday Party,2066,1,2067,0.19
10,RAM MILAN,Sardar Patel Siddhant Party,1713,3,1716,0.16
11,KAMLESH,Azad Samaj Party,1698,4,1702,0.16
12,BRIJESH KUMAR,Prithviraj Janshakti Party,1362,2,1364,0.13
13,NOTA,None of the Above,9277,26,9303,0.88
1,AFZAL ANSARI,Samajwadi Party,537784,2128,539912,46.82
2,PARS NATH RAI,Bharatiya Janata Party,413518,1533,415051,35.99
3,UMESH KUMAR SINGH,Bahujan Samaj Party,164601,363,164964,14.31
4,AJAY,Vishwa Kalyan Rashtriya Manav Samaj Party,5068,6,5074,0.44
5,NUSRAT ANSARI,Independent,4567,49,4616,0.4
6,ADITYA SHRIVASTAV,Yuga Thulasi Party,3312,4,3316,0.29
7,SATYDEV YADAV,Independent,3163,9,3172,0.28
8,GYANCHANDRA BIND,Independent,3127,8,3135,0.27
9,RAMPRAVESH,Moulik Adhikar Party,2830,3,2833,0.25
10,DHANANJAY KUMAR TIWARI,Bhartiya Lokvani Party,1949,7,1956,0.17
11,NOTA,None of the Above,9033,32,9065,0.79
1,BIRENDRA SINGH,Samajwadi Party,472928,1548,474476,42.5
2,DR. MAHENDRA NATH PANDEY,Bharatiya Janata Party,451802,1109,452911,40.57
3,SATYENDRA KUMAR MAURYA,Bahujan Samaj Party,159585,318,159903,14.32
4,SHOBHANATH PRAJAPATI,Bhagidari Party(P),4027,5,4032,0.36
5,SHER SINGH,Yuga Thulasi Party,3090,6,3096,0.28
6,SANTOSH KUMAR,Independent,2965,4,2969,0.27
7,RAJESH VISHWAKARMA,Moulik Adhikar Party,2759,3,2762,0.25
8,ARVIND KUMAR PATEL,Sardar Patel Siddhant Party,2734,11,2745,0.25
9,SANJAY KUMAR SINHA,Jai Hind National Party,2617,6,2623,0.23
10,RAM GOVIND,Samajhdar Party,1975,2,1977,0.18
11,NOTA,None of the Above,8987,18,9005,0.81
1,NARENDRA MODI,Bharatiya Janata Party,611439,1531,612970,54.24
2,AJAY RAI,Indian National Congress,459084,1373,460457,40.74
3,ATHER JAMAL LARI,Bahujan Samaj Party,33646,120,33766,2.99
4,KOLISETTY SHIVA KUMAR,Yuga Thulasi Party,5748,2,5750,0.51
5,GAGAN PRAKASH YADAV,Apna Dal (Kamerawadi),3619,15,3634,0.32
6,DINESH KUMAR YADAV,Independent,2912,5,2917,0.26
7,SANJAY KUMAR TIWARI,Independent,2170,1,2171,0.19
8,NOTA,None of the Above,8463,15,8478,0.75
1,DR. VINOD KUMAR BIND,Bharatiya Janata Party,458877,1105,459982,42.39
2,LALITESHPATI TRIPATHI,All India Trinamool Congress,414131,1779,415910,38.33
3,HARISHANKAR,Bahujan Samaj Party,154718,335,155053,14.29
4,PREMCHAND BIND,Pragatisheel Manav Samaj Party,13655,34,13689,1.26
5,RAJ NARAYAN PATEL,Sardar Patel Siddhant Party,6198,8,6206,0.57
6,RAM PRAKASH MISHRA,Rashtriya Samaj Paksha,5266,4,5270,0.49
7,SUSHIL,All India Forward Bloc,5254,7,5261,0.48
8,DR. SHYAMDHAR TIWARI,Independent,4842,6,4848,0.45
9,KRISHNA DEV,Rashtra Uday Party,4590,7,4597,0.42
10,DHIRENDRA KUMAR TIWARI,Independent,2944,4,2948,0.27
11,NOTA,None of the Above,11222,7,11229,1.03
1,ANUPRIYA PATEL,Apna Dal (Soneylal),470866,765,471631,42.67
2,RAMESH CHAND BIND,Samajwadi Party,433286,535,433821,39.25
3,MANISH KUMAR,Bahujan Samaj Party,144279,167,144446,13.07
4,RAJESH,Independent,10927,9,10936,0.99
5,LAL JI VERMA,Independent,6355,4,6359,0.58
6,ANIL KUMAR,Eklavya Samaj Party,6166,5,6171,0.56
7,DAULAT SINGH,Apna Dal (Kamerawadi),5227,8,5235,0.47
8,RAMDHANI,Rashtriya Samaj Paksha,4914,1,4915,0.44
9,SAMEER SINGH,All India Forward Bloc,3486,1,3487,0.32
10,SATYADEV,Purvanchal Mahapanchayat,3351,4,3355,0.3
11,NOTA,None of the Above,15043,6,15049,1.36
1,ZIA UR REHMAN,Samajwadi Party,570745,416,571161,47.8
2,PARMESHWAR LAL SAINI,Bharatiya Janata Party,448983,684,449667,37.63
3,CHAUDHARY SAULAT ALI,Bahujan Samaj Party,152317,143,152460,12.76
4,WASEEM SO MOH SHAMIM,Independent,3863,1,3864,0.32
5,MOHD WASEEM SO MOHD FAREED,Independent,2077,0,2077,0.17
6,JAYGAMUL ISLAM,Janta Shashan Party,1940,2,1942,0.16
7,ANUJ VARSHNEY,Independent,1674,3,1677,0.14
8,MAHANDRA SINGH,Independent,1291,3,1294,0.11
9,SANTOSH,Kisan Kranti Dal,1201,3,1204,0.1
10,DR RASHID,Peace Party,1059,1,1060,0.09
11,TAUFIK AHAMAD,Independent,722,1,723,0.06
12,PAVAN KUMAR,Log Party,636,1,637,0.05
13,NOTA,None of the Above,7213,4,7217,0.6
1,CHHOTELAL,Samajwadi Party,465240,608,465848,46.14
2,RINKI SINGH,Apna Dal (Soneylal),336344,270,336614,33.34
3,DHANESHWAR,Bahujan Samaj Party,118669,109,118778,11.77
4,ASHOK KUMAR KANNAUJIYA,Communist Party of India,23830,22,23852,2.36
5,SUBHAGI,Janhit Sankalp Party,8191,3,8194,0.81
6,ARVIND KUMAR BHARTI,Rashtriya Samanta Dal,7583,9,7592,0.75
7,SUKALU,Independent,6701,11,6712,0.66
8,SHIVPUJAN,Rashtriya Samaj Paksha,6422,22,6444,0.64
9,SONU NIGAM,Independent,6142,2,6144,0.61
10,CHANDRIKA PRASAD,Janta Kranti Party (Rashtravadi),3732,9,3741,0.37
11,PRABHUDAYAL,Rashtriya Samaj Dal (R),3470,1,3471,0.34
12,RAM SHIROMANI,Sardar Patel Siddhant Party,3116,7,3123,0.31
13,NOTA,None of the Above,19019,13,19032,1.89
1,KANWAR SINGH TANWAR,Bharatiya Janata Party,475210,1296,476506,42.9
2,KUNWAR DANISH ALI,Indian National Congress,447343,493,447836,40.32
3,MUJAHID HUSAIN,Bahujan Samaj Party,163885,214,164099,14.77
4,DHANISH,Independent,3615,2,3617,0.33
5,SURESH,Independent,2716,1,2717,0.24
6,JEETPAL RANA,Independent,2550,6,2556,0.23
7,SUHEL HAIDER,Akhil Bhartiya Parivar Party,2492,12,2504,0.23
8,NARENDRA SINGH,Independent,1776,3,1779,0.16
9,NAEEMUDDIN,Independent,1002,2,1004,0.09
10,KUSHAGRA,Independent,856,2,858,0.08
11,KASHIF HUSAIN,Independent,677,2,679,0.06
12,KUMDESH KUMAR,Independent,627,8,635,0.06
13,NOTA,None of the Above,5886,14,5900,0.53
1,IMRAN MASOOD,Indian National Congress,547383,584,547967,44.57
2,RAGHAV LAKHANPAL,Bharatiya Janata Party,482120,1305,483425,39.32
3,MAJID ALI,Bahujan Samaj Party,179994,359,180353,14.67
4,MOHD INAM,Akhil Bhartiya Parivar Party,5392,8,5400,0.44
5,SHABNAM,Independent,2370,3,2373,0.19
6,SHAHBAJ,Independent,1696,2,1698,0.14
7,RASHID KHAN,Independent,1227,3,1230,0.1
8,TASMEEM BANO,Independent,883,2,885,0.07
9,RAJKUMAR,Independent,807,6,813,0.07
10,KAMRAN,Independent,744,1,745,0.06
11,NOTA,None of the Above,4559,7,4566,0.37
1,ARUN GOVIL,Bharatiya Janata Party,544375,2094,546469,46.21
2,SUNITA VERMA,Samajwadi Party,535009,875,535884,45.32
3,DEVVRAT KUMAR TYAGI,Bahujan Samaj Party,86693,332,87025,7.36
4,BHUPENDRA PAL URF BHUPPI BHAI,Rashtriya Shoshit Samaj Party,2615,11,2626,0.22
5,HAJI AFZAL,Sabse Achchhi Party,2026,3,2029,0.17
6,ABID HUSAIN,Social Democratic Party Of India,1917,5,1922,0.16
7,LIYAKAT,Majloom Samaj Party,891,3,894,0.08
8,DR HIMANSHU BHATNAGAR,Jai Hind National Party,848,6,854,0.07
9,NOTA,None of the Above,4738,38,4776,0.4
1,DR RAJKUMAR SANGWAN,Rashtriya Lok Dal,485765,3202,488967,52.36
2,AMARPAL,Samajwadi Party,328487,1021,329508,35.29
3,PRAVEEN BANSAL,Bahujan Samaj Party,91740,526,92266,9.88
4,MUKESH KUMAR SHARMA,Azad Adhikar Sena,5441,82,5523,0.59
5,MAHENDER SINGH,Sarvjan Samta Party,4957,63,5020,0.54
6,SUKHVIR SINGH,Swatantra Jantaraj Party,4056,43,4099,0.44
7,RUBY KASHYAP,Sarvjan Lok Shakti Party,3202,78,3280,0.35
8,NOTA,None of the Above,4980,130,5110,0.55
1,ATUL GARG,Bharatiya Janata Party,853036,1134,854170,58.09
2,DOLLY SHARMA,Indian National Congress,516699,506,517205,35.17
3,NAND KISHOR PUNDIR,Bahujan Samaj Party,79387,138,79525,5.41
4,RAVI KUMAR PANCHAL,Independent,1965,1,1966,0.13
5,ANAND KUMAR,Rashtra Nirman Party,1174,4,1178,0.08
6,NATTHUSINGH CHAUDHARY,Independent,1159,3,1162,0.08
7,AURANGJEB,Independent,1120,0,1120,0.08
8,NAMAHA,Samaj Vikas Kranti Party,1079,1,1080,0.07
9,AVDESH KUMAR,Independent,1037,6,1043,0.07
10,POOJA SAXENA,Right to Recall Party,874,4,878,0.06
11,KAVITA,Independent,772,3,775,0.05
12,ANSUL GUPTA,Rashtriya Jan Karmath Party,763,1,764,0.05
13,DHIRENDRA SINGH BHADAURIYA,Subhashwadi Bhartiya Samajwadi Party (Subhas Party),696,4,700,0.05
14,ABHISHEK PUNDIR,Independent,652,1,653,0.04
15,NOTA,None of the Above,8195,16,8211,0.56
1,DR. MAHESH SHARMA,Bharatiya Janata Party,855413,2416,857829,59.69
2,DR. MAHENDRA SINGH NAGAR,Samajwadi Party,297697,660,298357,20.76
3,RAJENDRA SINGH SOLANKI,Bahujan Samaj Party,250962,653,251615,17.51
4,BHIM PRAKASH JIGYASU,Viro Ke Vir Indian Party,3873,2,3875,0.27
5,MOHD. MUMTAJ AALAM,Independent,2818,3,2821,0.2
6,SHIVAM ASHUTOSH,Independent,2637,4,2641,0.18
7,MANISH KUMAR DWIVEDI,Akhil Bhartiya Parivar Party,1769,3,1772,0.12
8,KISHOR SINGH,National Party,1739,28,1767,0.12
9,MAHKAR SINGH,Independent,1118,6,1124,0.08
10,KM. SHALU,Loktantrik Janshakti Party,1020,30,1050,0.07
11,PARAG KAUSHIK,Independent,945,1,946,0.07
12,NARESH NAUTIYAL,Bhartiya Rashtriya Jansatta,931,10,941,0.07
13,RAN SINGH DUDEE,Super Power India Party,905,3,908,0.06
14,RAJEEV MISHRA,Jai Hind National Party,642,15,657,0.05
15,NARAVEDASHVAR,Subhashwadi Bhartiya Samajwadi Party (Subhas Party),615,2,617,0.04
16,NOTA,None of the Above,10286,38,10324,0.72
1,DR BHOLA SINGH,Bharatiya Janata Party,594040,3270,597310,56.65
2,SHIVRAM,Indian National Congress,321043,1133,322176,30.56
3,GIRISH CHANDRA,Bahujan Samaj Party,116876,548,117424,11.14
4,RAJESH TUREHA,Rishivadi Karm Sheel Young Parmarthi Party,4391,10,4401,0.42
5,SONAM BHARTI,Independent,3558,42,3600,0.34
6,PRADEEP KUMAR,Independent,2547,16,2563,0.24
7,NOTA,None of the Above,6870,55,6925,0.66
1,SATISH KUMAR GAUTAM,Bharatiya Janata Party,500453,1381,501834,44.28
2,BIJENDRA SINGH,Samajwadi Party,485588,599,486187,42.9
3,HITENDRA KUMAR ALIAS BUNTY UPADHYAY,Bahujan Samaj Party,123770,159,123929,10.93
4,GYANI RAM,Independent,3795,4,3799,0.34
5,SATISH KUMAR,Independent,3553,8,3561,0.31
6,SATISH KUMAR,Swatantra Jantaraj Party,1647,1,1648,0.15
7,MANOJ KUMAR ALIAS MANOJ LODHI,Saman Adhikar Party,1434,6,1440,0.13
8,KESHAV DEV ALIAS PANDIT KESHAV DEV GAUTAM,Independent,1308,11,1319,0.12
9,SURENDRA,Moulik Adhikar Party,1175,3,1178,0.1
10,RAJESH KUMAR,Independent,1053,3,1056,0.09
11,DILEEP SHARMA AD.,Independent,952,3,955,0.08
12,MAHESH CHANDRA SHARMA,Independent,733,3,736,0.06
13,RAJ KUMAR,Rashtriya Shoshit Samaj Party,407,5,412,0.04
14,MANOJ KUMAR SHARMA ADVOCATE,Loktantrik Janshakti Party,371,7,378,0.03
15,NOTA,None of the Above,4916,18,4934,0.44
1,ANOOP PRADHAN BALMIKI,Bharatiya Janata Party,552334,2412,554746,51.24
2,JASVEER VALMIKI,Samajwadi Party,306637,791,307428,28.39
3,HEMBABOO DHANGAR,Bahujan Samaj Party,200876,387,201263,18.59
4,JAYPAL MAHOR,Independent,3044,17,3061,0.28
5,RAJPAL SINGH,Independent,2361,11,2372,0.22
6,GHANSHYAM SINGH,Swaraj Bhartiya Nyay Party,2329,16,2345,0.22
7,RAVI KUMAR,Independent,1638,7,1645,0.15
8,DR. JAYVEER SINGH DHANGAR,Rashtra Uday Party,1591,16,1607,0.15
9,DINESH SAI,Independent,1140,4,1144,0.11
10,MUNNALAL JATAV,Independent,803,7,810,0.07
11,NOTA,None of the Above,6257,42,6299,0.58
1,HEMAMALINI DHARMENDRA DEOL,Bharatiya Janata Party,507535,2529,510064,53.3
2,MUKESH DHANGAR,Indian National Congress,216043,614,216657,22.64
3,SURESH SINGH,Bahujan Samaj Party,188152,265,188417,19.69
4,BHANU PRATAP SINGH,Independent,15640,25,15665,1.64
5,RAKESH KUMAR,Independent,4492,2,4494,0.47
6,JAGDISH PRASAD KAUSHIK ADVOCATE,Rashtriya Samta Vikas Party,3567,8,3575,0.37
7,RAVI VERMA,Independent,2724,0,2724,0.28
8,SHIKHA SHARMA,Independent,2246,5,2251,0.24
9,KAMAL KANT SHARMA,Independent,1491,12,1503,0.16
10,YOGESH KUMAR TALAN,Independent,1491,2,1493,0.16
11,MONI FALHARI BAPU,Independent,1322,4,1326,0.14
12,KSHETRA PAL SINGH,Independent,1206,5,1211,0.13
13,DR. RASHMI YADAV,Independent,1183,6,1189,0.12
14,PRAVESHANAND PURI,Independent,1081,4,1085,0.11
15,SURESH CHANDRA VAGHEL,Rashtriya Shoshit Samaj Party,822,7,829,0.09
16,NOTA,None of the Above,4527,36,4563,0.48
1,PROF S P SINGH BAGHEL,Bharatiya Janata Party,597061,2336,599397,53.34
2,SURESH CHAND KARDAM,Samajwadi Party,326644,1459,328103,29.2
3,POOJA AMROHI,Bahujan Samaj Party,175810,664,176474,15.7
4,ARAM SINGH,Peoples Party of India (Democratic),4130,13,4143,0.37
5,KULDEEP KUMAR,Bharatiya Kisan Parivartan Party,1997,5,2002,0.18
6,MAHENDRA SINGH,Independent,1779,6,1785,0.16
7,POOJA,Independent,1363,7,1370,0.12
8,SARVESH KUMAR,Bharatiya Majdoor Janta Party,1123,10,1133,0.1
9,AMBEDAKARI HASANURAM AMBEDAKARI,Independent,927,6,933,0.08
10,JITENDRA GAUTAM,Lokpriya Rashtrawadi Party,780,2,782,0.07
11,CHANDRA PAL,Adarsh Samaj Party,640,3,643,0.06
12,NOTA,None of the Above,6929,85,7014,0.62
1,RAJKUMAR CHAHAR,Bharatiya Janata Party,442862,2795,445657,43.09
2,RAMNATH SINGH SIKARWAR,Indian National Congress,400572,1680,402252,38.9
3,PT. RAMNIWAS SHARMA,Bahujan Samaj Party,120143,396,120539,11.66
4,DR RAMESHWAR SINGH,Independent,48301,305,48606,4.7
5,KALLAN KUMBHKAR,Independent,3458,5,3463,0.33
6,HOTAM SINGH NISHAD,Rashtriya Shoshit Samaj Party,1805,5,1810,0.18
7,GIRRAJ SINGH DHAKREY,"Proutist Bloc, India",1556,8,1564,0.15
8,SANGEETA TOMAR,Bharatiya Majdoor Janta Party,1417,16,1433,0.14
9,VED PRAKASH,Rashtriya Jansanchar Dal,1031,7,1038,0.1
10,NOTA,None of the Above,7764,29,7793,0.75
1,IQRA CHOUDHARY,Samajwadi Party,526887,1126,528013,48.9
2,PRADEEP KUMAR,Bharatiya Janata Party,456075,2822,458897,42.5
3,SRIPAL,Bahujan Samaj Party,75978,222,76200,7.06
4,JAHID,Social Democratic Party Of India,3316,4,3320,0.31
5,SHOKINDER KUMAR,Independent,1983,2,1985,0.18
6,MANOJ RANA,Independent,1925,11,1936,0.18
7,VIKAS KUMAR,Independent,1098,2,1100,0.1
8,OMBEER,Azad Adhikar Sena,1088,8,1096,0.1
9,VIKRAM SINGH,Independent,897,3,900,0.08
10,PRITI KASHYAP,Rashtriya Mazdoor Ekta Party,781,10,791,0.07
11,VIKRAM SAINI,Akhand Bharat Swatantra Party,776,4,780,0.07
12,YOGESH,Independent,664,6,670,0.06
13,MOHD KADIR,Independent,436,6,442,0.04
14,NAND KISHOOR,Aapki Apni Party (Peoples),420,7,427,0.04
15,NOTA,None of the Above,3213,36,3249,0.3
1,AKSHAYA YADAV,Samajwadi Party,541861,1176,543037,49.04
2,VISHWADEEP SINGH,Bharatiya Janata Party,452946,779,453725,40.98
3,CHOWDHARY BASHEER,Bahujan Samaj Party,90849,99,90948,8.21
4,UPENDRA SINGH,Bharatiya Kisan Parivartan Party,7111,8,7119,0.64
5,RASHMI KANT,Parivartan Samaj Party,2927,3,2930,0.26
6,PREM DUTT,Rashtra Uday Party,2876,2,2878,0.26
7,RAJVEER,Independent,1367,13,1380,0.12
8,NOTA,None of the Above,5273,6,5279,0.48
1,DIMPLE YADAV,Samajwadi Party,596710,1816,598526,56.79
2,JAYVEER SINGH,Bharatiya Janata Party,375895,992,376887,35.76
3,SHIV PRASAD YADAV,Bahujan Samaj Party,66697,117,66814,6.34
4,SURESH CHANDRA,Independent,2366,8,2374,0.23
5,NAND RAM BAGRI,Voters Party International,1765,4,1769,0.17
6,MANJU PAL,Bhartiya Shakti Chetna Party,1148,23,1171,0.11
7,PRAMOD KUMAR,Independent,994,12,1006,0.1
8,SUNIL KUMAR MISHRA,Sarva Samaj Janata Party,878,4,882,0.08
9,NOTA,None of the Above,4570,12,4582,0.43
1,DEVESH SHAKYA,Samajwadi Party,474263,1545,475808,47.09
2,RAJVEER SINGH (RAJU BHAIYA),Bharatiya Janata Party,446748,1008,447756,44.32
3,MOHAMMAD IRFAN ADVOCATE,Bahujan Samaj Party,71407,178,71585,7.08
4,ANUPAM KUMAR,Kisan Kranti Dal,3944,5,3949,0.39
5,KAILASH KUMAR,Independent,1728,0,1728,0.17
6,DANVEER,Independent,1261,4,1265,0.13
7,UDAY VEER SINGH,Peoples Party of India (Democratic),985,7,992,0.1
8,ASHOK KUMAR,Independent,777,3,780,0.08
9,VIABHAV MISHRA,Bhartiya Shakti Chetna Party,742,5,747,0.07
10,AMAR SINGH,Independent,609,6,615,0.06
11,NOTA,None of the Above,5145,11,5156,0.51
1,ADITYA YADAV,Samajwadi Party,501390,465,501855,45.97
2,DURVIJAY SINGH SHAKYA,Bharatiya Janata Party,466323,541,466864,42.76
3,MUSLIM KHAN,Bahujan Samaj Party,97686,65,97751,8.95
4,SANDEEP KUMAR,Independent,3835,1,3836,0.35
5,DINESH KUMAR,Independent,2672,2,2674,0.24
6,LATA YADAV,Independent,2572,6,2578,0.24
7,NILAM RANI PAL,Rashtriya Shoshit Samaj Party,2428,10,2438,0.22
8,RAM PRATAP MAURYA,Independent,1542,1,1543,0.14
9,ISRAT ALI,Independent,1512,1,1513,0.14
10,SULEMAN,Swaraj Bhartiya Nyay Party,1240,0,1240,0.11
11,HARIRAJ SINGH URF SIPU YADAV,Log Party,909,1,910,0.08
12,NOTA,None of the Above,8553,9,8562,0.78
1,NEERAJ MAURYA,Samajwadi Party,491119,1396,492515,45.23
2,DHARMENDRA KASHYAP,Bharatiya Janata Party,475434,1112,476546,43.76
3,ABID ALI,Bahujan Samaj Party,95407,223,95630,8.78
4,KAUSAR KHAN,Peace Party,4210,3,4213,0.39
5,PREM PAL SAGAR,Vanchitsamaj Insaaf Party,3328,2,3330,0.31
6,MAKKHAN LAL,Independent,2946,7,2953,0.27
7,RAJ KUMAR PATEL,Sardar Patel Siddhant Party,2700,6,2706,0.25
8,MOHAMMAD AMIR KHAN,Bharat Jodo Party,2348,7,2355,0.22
9,NIRMOD KUMAR SINGH,Bhartiya Shakti Chetna Party,1785,5,1790,0.16
10,NOTA,None of the Above,6843,15,6858,0.63
1,CHHATRA PAL SINGH GANGWAR,Bharatiya Janata Party,565600,1527,567127,50.66
2,PRAVEEN SINGH ARON,Samajwadi Party,530825,1498,532323,47.55
3,IRSHAD ANSARI ADVOCATE,Peace Party,3548,5,3553,0.32
4,WASEEM MIAN,Independent,2839,0,2839,0.25
5,BHUPENDRA KUMAR MAURYA,Peoples Party of India (Democratic),1702,2,1704,0.15
6,BUDDH PRIYA KARMRAJ RAHUL,Independent,1192,2,1194,0.11
7,ROHTASH KASHYAP,Jan Shakti Ekta Party,844,3,847,0.08
8,JAGPAL SINGH YADAV,Samrat Mihir Bhoj Samaj Party,654,2,656,0.06
9,RAVI KUMAR,Sardar Patel Siddhant Party,626,1,627,0.06
10,MOHD NAJIM ALI,Bharat Jodo Party,624,9,633,0.06
11,NITIN MOHAN,Independent,619,1,620,0.06
12,ASHISH GANGWAR,Independent,616,0,616,0.06
13,AYSHA BI,Independent,550,9,559,0.05
14,NOTA,None of the Above,6226,34,6260,0.56
1,JITIN PRASADA,Bharatiya Janata Party,605199,1959,607158,52.3
2,BHAGWAT SARAN GANGWAR,Samajwadi Party,439735,2488,442223,38.09
3,ANIS AHMED KHAN (PHOOL BABU),Bahujan Samaj Party,89252,445,89697,7.73
4,RAJEEV KUMAR SAXENA,Bhartiya Krishak Dal,3800,9,3809,0.33
5,SUSHIL KUMAR SHUKLA,Independent,2723,4,2727,0.23
6,MOHMMAD SHAHID HUSAIN,Independent,1842,4,1846,0.16
7,ASHISH KUMAR,Independent,1842,8,1850,0.16
8,ADARSH PANDEY,Independent,1714,12,1726,0.15
9,SANJAY KUMAR BHARTI,Rashtriya Samaj Dal (R),1621,10,1631,0.14
10,PRAMOD BHAI PATEL ALIAS P.K.,Independent,1525,14,1539,0.13
11,NOTA,None of the Above,6714,27,6741,0.58
1,ARUN KUMAR SAGAR,Bharatiya Janata Party,591500,1218,592718,47.5
2,JYOTSNA GOND,Samajwadi Party,534720,2619,537339,43.06
3,DOD RAM VERMA,Bahujan Samaj Party,91302,408,91710,7.35
4,KIRAN,Rashtriya Sanatan Party,6587,1,6588,0.53
5,SHIV KUMAR,Independent,2805,0,2805,0.22
6,MEENA KASYAP,Independent,2051,10,2061,0.17
7,PRADEEP KUMAR,Independent,1996,9,2005,0.16
8,PREMCHANDRA HARIJAN,Sardar Patel Siddhant Party,1686,1,1687,0.14
9,DHARM PAL,Independent,1413,10,1423,0.11
10,RAMESH CHANDRA VERMA,Manav Kranti Party,1076,0,1076,0.09
11,NOTA,None of the Above,8449,41,8490,0.68
1,UTKARSH VERMA 'MADHUR',Samajwadi Party,555277,2088,557365,45.94
2,AJAY KUMAR,Bharatiya Janata Party,521954,1082,523036,43.11
3,ANSHAY KALRA,Bahujan Samaj Party,110122,338,110460,9.1
4,SANDHYA JAISWAL,Parivartan Samaj Party,3093,3,3096,0.26
5,SATENDRA KUMAR MAURYA,Independent,2980,2,2982,0.25
6,OM NATH SINGH,Rashtriya Shoshit Samaj Party,2298,2,2300,0.19
7,NARESH SINGH BHADAURIYA,Independent,2107,4,2111,0.17
8,MUKESH KUMAR (BHARTI),Rashtriya Vikalp Party,1266,3,1269,0.1
9,KHANJAN,Netaji Subhash Chander Bose Rashtriya Azad Party,1018,1,1019,0.08
10,DARWARI URF DARWARI LAL CHAUHAN,Janta Kranti Party,935,1,936,0.08
11,KM. PANCHSHEELA ANAND,Uttar Pradesh Republican Party,845,9,854,0.07
12,NOTA,None of the Above,7915,16,7931,0.65
1,ANAND BHADAURIYA,Samajwadi Party,442650,1093,443743,39.91
2,REKHA VERMA,Bharatiya Janata Party,438573,721,439294,39.51
3,SHYAM KISHOR AWASTHI,Bahujan Samaj Party,184964,510,185474,16.68
4,JANARDAN PRASAD,Communist Party of India,15898,2,15900,1.43
5,RAJESH KUMAR,Political Justice Party,5020,3,5023,0.45
6,ASHUTOSH PATHAK,Aam Janta Party (India),3550,6,3556,0.32
7,SUDESH KUMAR,Lok Jan Sangharsh Party,2811,3,2814,0.25
8,SAMRENDRA KUMAR,Independent,2482,2,2484,0.22
9,VIJAY KUMAR TIWARI,Independent,2017,0,2017,0.18
10,KASIM ALI,Peace Party,1809,3,1812,0.16
11,SAKASEN,Sardar Patel Siddhant Party,1295,1,1296,0.12
12,RAM NARESH,Independent,1290,0,1290,0.12
13,NOTA,None of the Above,7133,11,7144,0.64
1,HARENDRA SINGH MALIK,Samajwadi Party,469804,917,470721,43.64
2,SANJEEV KUMAR BALYAN,Bharatiya Janata Party,443815,2234,446049,41.35
3,DARA SINGH PRAJAPATI,Bahujan Samaj Party,143323,384,143707,13.32
4,SUNIL TYAGI,Independent,7131,36,7167,0.66
5,KAVITA,Rashtrawadi Janlok Party (Satya),1970,30,2000,0.19
6,SHASHIKANT SHAMAR,Independent,1429,2,1431,0.13
7,BIRBAL SINGH,Vishal Janta Party,1419,2,1421,0.13
8,NEEL KUMAR,Jai Samta Party,858,3,861,0.08
9,RESHU SHARMA,Independent,679,5,684,0.06
10,ANKUR,Independent,362,10,372,0.03
11,MANUJ VERMA,Independent,333,7,340,0.03
12,NOTA,None of the Above,3884,32,3916,0.36
1,RAKESH RATHOR,Indian National Congress,530467,671,531138,48.2
2,RAJESH VERMA,Bharatiya Janata Party,441066,431,441497,40.06
3,MAHENDRA SINGH YADAV,Bahujan Samaj Party,99284,80,99364,9.02
4,MO. KASHIF ANSARI,Apna Dal (Kamerawadi),7585,1,7586,0.69
5,LEKHRAJ LODHI,Aazad Samaj Party (Kanshi Ram),6734,0,6734,0.61
6,VIDYAWATI GAUTAM,Independent,4193,1,4194,0.38
7,CHANDRA SHEKHAR VERMA,Rashtriya Shoshit Samaj Party,2429,0,2429,0.22
8,RAM ADHAR VERMA,Sardar Patel Siddhant Party,2114,1,2115,0.19
9,NOTA,None of the Above,6954,4,6958,0.63
1,JAI PRAKASH,Bharatiya Janata Party,485745,1053,486798,44.25
2,USHA VERMA,Samajwadi Party,457553,1389,458942,41.72
3,BHIMRAO AMBEDKAR,Bahujan Samaj Party,122334,295,122629,11.15
4,SHIVE KUMAR,Independent,4897,1,4898,0.45
5,SHYAM KUMAR,Peoples Party of India (Democratic),4196,4,4200,0.38
6,SUNIL KUMAR VERMA,Independent,3819,2,3821,0.35
7,INDRAPAL PASI,Justice Party,2945,1,2946,0.27
8,MUNNA LAL,Naari Nar Rakshak Party,1588,1,1589,0.14
9,OM PRAKASH,Independent,1559,2,1561,0.14
10,AWADESH KUMAR,Independent,1420,4,1424,0.13
11,PRADEEP KUMAR,Bhartiya Krishak Dal,1349,5,1354,0.12
12,BRAHMA PRASAD,Lok Jan Sangharsh Party,1139,1,1140,0.1
13,NOTA,None of the Above,8778,36,8814,0.8
1,ASHOK KUMAR RAWAT,Bharatiya Janata Party,473971,1045,475016,45.15
2,SANGITA RAJVANSHI,Samajwadi Party,440157,1453,441610,41.98
3,B R AHIRWAR,Bahujan Samaj Party,111670,275,111945,10.64
4,RAMPAL,Independent,3973,5,3978,0.38
5,LALIT KUMAR,Bhartiya Shakti Chetna Party,3811,4,3815,0.36
6,Neelam Singh,Independent,2899,6,2905,0.28
7,VANDNA VERMA,Naari Nar Rakshak Party,1907,5,1912,0.18
8,AVDHESH,Independent,1419,4,1423,0.14
9,SAVITRI DEVI,Rashtriya Janshakti Samaj Party,1347,3,1350,0.13
10,NOTA,None of the Above,7997,32,8029,0.76
1,SWAMI SACHCHIDANAND HARI SAKSHI,Bharatiya Janata Party,614832,1301,616133,47.31
2,ANNU TANDON,Samajwadi Party,577699,2616,580315,44.56
3,ASHOK KUMAR PANDEY,Bahujan Samaj Party,72245,282,72527,5.57
4,SAIF KHAN,Parcham Party of India,8390,14,8404,0.65
5,UMESH,Independent,5625,10,5635,0.43
6,SHIV PRAKASH SINGH,Independent,4107,11,4118,0.32
7,SAIYYAD SARFARAZ GANDHI,Independent,3018,5,3023,0.23
8,HIMANSHU SHARMA,Bhartiya Shakti Chetna Party,2656,7,2663,0.2
9,NOTA,None of the Above,9430,23,9453,0.73
1,R.K. CHAUDHARY,Samajwadi Party,666560,1309,667869,48.49
2,KAUSHAL KISHORE,Bharatiya Janata Party,596197,1380,597577,43.38
3,RAJESH KUMAR,Bahujan Samaj Party,88257,204,88461,6.42
4,MAHENDRA,Independent,2654,7,2661,0.19
5,SUSHIL KUMAR,Independent,2626,1,2627,0.19
6,RAMESH KUMAR,Independent,1839,2,1841,0.13
7,SUNITA CHHEDA PASI,Aam Janta Party (India),1736,13,1749,0.13
8,S. L.SINGH,Peoples Party of India (Democratic),1711,6,1717,0.12
9,BRIJESH KUMAR VIKRAM,Rashtriya Samaj Paksha,1648,7,1655,0.12
10,JITENDRA KUMAR,Independent,1402,12,1414,0.1
11,SURAJ KUMAR,Sardar Patel Siddhant Party,1010,5,1015,0.07
12,NOTA,None of the Above,8838,28,8866,0.64
1,RAJ NATH SINGH,Bharatiya Janata Party,610597,2112,612709,53.89
2,RAVIDAS MEHROTRA,Samajwadi Party,476303,1247,477550,42.0
3,MOHAMMAD SARWAR MALIK,Bahujan Samaj Party,29982,210,30192,2.66
4,MO AHMAD URF RINKU,Social Democratic Party Of India,3251,4,3255,0.29
5,AKHAND PRATAP SINGH,Independent,1465,8,1473,0.13
6,SARVAR ALI,Sarvar Party,1199,3,1202,0.11
7,ISHTIYAQ ALI,Independent,929,5,934,0.08
8,KAPIL MOHAN CHOWDHARY,Mera Adhikaar Rashtriya Dal,815,2,817,0.07
9,GAURAV VERMA,Hindu Samaj Party,801,6,807,0.07
10,BRIJESH KUMAR YADAV,Kisan Vishwa Party,601,2,603,0.05
11,NOTA,None of the Above,7316,34,7350,0.65
1,RAHUL GANDHI,Indian National Congress,686044,1605,687649,66.17
2,DINESH PRATAP SINGH,Bharatiya Janata Party,296703,916,297619,28.64
3,THAKUR PRASAD YADAV,Bahujan Samaj Party,21588,36,21624,2.08
4,DILEEP SINGH,Akhil Bhartiya Apna Dal,8676,2,8678,0.84
5,HORILAL,Independent,5397,2,5399,0.52
6,SUDARSHAN RAM,Bhartiya Panchsheel Party,4343,2,4345,0.42
7,HIND ROHITASH,Manavtawadi Samaj Party,3859,0,3859,0.37
8,MO MOBIN,Apna Dal (Kamerawadi),2173,1,2174,0.21
9,NOTA,None of the Above,7861,11,7872,0.76
1,KISHORI LAL,Indian National Congress,536680,2548,539228,54.99
2,SMRITI IRANI,Bharatiya Janata Party,370754,1278,372032,37.94
3,NANHE SINGH CHAUHAN,Bahujan Samaj Party,34418,116,34534,3.52
4,SURENDRA KUMAR,Independent,5699,0,5699,0.58
5,DINESH CHANDRA MAURYA,Janshakti Samta Party,4569,8,4577,0.47
6,JAGDAMBA PRASAD YADAV,Independent,4019,1,4020,0.41
7,BHAGWANDIN PASI,Moulik Adhikar Party,2333,1,2334,0.24
8,CHANDRAWATI,Independent,2278,13,2291,0.23
9,MOHD HASAN LAHRI,Rashtriya Narayanwadi Vikas Party,1525,2,1527,0.16
10,KHUSHIRAM,Independent,1401,0,1401,0.14
11,UDAYRAJ,Independent,1300,5,1305,0.13
12,SANTRAM,Samajhdar Party,1208,4,1212,0.12
13,SHAILENDRA KUMAR MISHRA,Sanyogwadi Party,1124,4,1128,0.12
14,NOTA,None of the Above,9371,12,9383,0.96
1,RAMBHUAL NISHAD,Samajwadi Party,442886,1444,444330,43.0
2,MANEKA SANJAY GANDHI,Bharatiya Janata Party,399859,1297,401156,38.82
3,UDRAJ VERMA,Bahujan Samaj Party,162603,422,163025,15.78
4,ABDUL MABOOD,Apna Desh Party,4295,2,4297,0.42
5,MOHAMMAD ASIF,Independent,3382,5,3387,0.33
6,UDAYRAJ VERMA,Independent,2900,9,2909,0.28
7,GIRISH LAL,Azad Party,2305,6,2311,0.22
8,DR SHIV SHANKAR INDIAN,Most Backward Classes Of India,2085,5,2090,0.2
9,JAY PRAKASH,Sardar Patel Siddhant Party,1364,5,1369,0.13
10,NOTA,None of the Above,8500,13,8513,0.82
1,SHIV PAL SINGH PATEL (DR. S P SINGH),Samajwadi Party,439836,2096,441932,46.65
2,SANGAM LAL GUPTA,Bharatiya Janata Party,374208,1518,375726,39.66
3,PRATHMESH MISHRA 'SENANI',Bahujan Samaj Party,79872,272,80144,8.46
4,SANDEEP SINGH,National Jan Dal,5270,16,5286,0.56
5,ARUN KUMAR PANDEY,Hindustan Samaj Party,4984,7,4991,0.53
6,SHIV RAM SHARMA,Moulik Adhikar Party,4709,2,4711,0.5
7,AMAR SINGH,Independent,4135,3,4138,0.44
8,SUNIL CHANDRA PAL,Rashtra Uday Party,3337,3,3340,0.35
9,AJEET PRATAP,Independent,2581,0,2581,0.27
10,VIJAY SINGH,Sanatan Sanskriti Raksha Dal,2457,2,2459,0.26
11,RISHI PATEL,Apna Dal (Kamerawadi),2425,4,2429,0.26
12,MAHESH KUMAR PRAJAPATI,Samajhdar Party,1963,1,1964,0.21
13,DHANANJAY,Independent,1622,1,1623,0.17
14,GEETA DEVI,Bhartiya Lokmat Rashtrwadi Party,1582,12,1594,0.17
15,RAMSIDDH YADAV URF R.S.YADAV,Manavtawadi Samaj Party,1326,1,1327,0.14
16,SUNIL KUMAR MISHRA,Independent,1134,2,1136,0.12
17,SHANKAR SUMAN TIVARI,Independent,1128,1,1129,0.12
18,DURGESH KUMAR,Rastriya Atal Janta Party,1113,3,1116,0.12
19,RAM KUMAR YADAV,Socialist Unity Centre Of India (COMMUNIST),1070,1,1071,0.11
20,SHIV PAL PATEL,Independent,1025,5,1030,0.11
21,DHARMENDRA TIWARI,Log Party,992,1,993,0.1
22,JOKHU PATEL,Sardar Patel Siddhant Party,969,2,971,0.1
23,SHRAWAN KUMAR TRIPATHI,Independent,849,2,851,0.09
24,DHYAN SINGH,Independent,675,3,678,0.07
25,PRAMOD KUMAR,Independent,672,2,674,0.07
26,MOHRAM ALI,Independent,501,2,503,0.05
27,NOTA,None of the Above,2869,22,2891,0.31
1,CHANDAN CHAUHAN,Rashtriya Lok Dal,402604,1889,404493,39.48
2,DEEPAK,Samajwadi Party,366226,759,366985,35.82
3,VIJENDER SINGH,Bahujan Samaj Party,218294,692,218986,21.38
4,ABDUL BARI,Jai Samta Party,8046,26,8072,0.79
5,DEEPAK KUMAR,Independent,7284,34,7318,0.71
6,ZAHEER,Independent,2780,8,2788,0.27
7,RAJAPAL,Peoples Party of India (Democratic),2361,12,2373,0.23
8,MOHD. SHAHJAD,Independent,2342,5,2347,0.23
9,FARMAN,Majloom Samaj Party,2334,9,2343,0.23
10,CHANDAN SINGH,Independent,2132,44,2176,0.21
11,RAMDHAN SINGH,Majdoor Kisan Union Party,2088,17,2105,0.21
12,NOTA,None of the Above,4386,60,4446,0.43
1,MUKESH RAJPUT,Bharatiya Janata Party,486925,1038,487963,47.2
2,DR. NAVAL KISHOR SHAKYA,Samajwadi Party,484485,800,485285,46.94
3,KRANTI PANDEY,Bahujan Samaj Party,45274,116,45390,4.39
4,AMAR SINGH,Bharatiya Rashtriya Morcha,3345,13,3358,0.32
5,HARNANDAN SINGH,Independent,2457,12,2469,0.24
6,SHYAMVEER SINGH,Bharatiya Nagrik Party,2431,3,2434,0.24
7,VIDYAPRAKASH,Bharatheeya Jawan Kisan Party,1456,11,1467,0.14
8,DINESH,Bhartiya Shakti Chetna Party,1061,2,1063,0.1
9,NOTA,None of the Above,4350,15,4365,0.42
1,JITENDRA KUMAR DOHARE,Samajwadi Party,489358,1389,490747,47.47
2,DR RAM SHANKAR KATHERIA,Bharatiya Janata Party,430922,1406,432328,41.82
3,SARIKA SINGH BAGHEL,Bahujan Samaj Party,96253,288,96541,9.34
4,SUNIL SHANKWAR ADVOCATE,Independent,2954,9,2963,0.29
5,MULAYAM SINGH,Independent,1688,20,1708,0.17
6,BHUVNESH KUMARI,Samyak Party,1648,9,1657,0.16
7,VIVEK RAJ,Janta Samajwadi Party (Vivek Raj),1569,5,1574,0.15
8,NOTA,None of the Above,6229,37,6266,0.61
1,AKHILESH YADAV,Samajwadi Party,640207,2085,642292,52.74
2,SUBRAT PATHAK,Bharatiya Janata Party,470131,1239,471370,38.71
3,IMRAN BIN ZAFAR,Bahujan Samaj Party,81471,168,81639,6.7
4,ALOK VERMA,Rashtriya Shoshit Samaj Party,4484,8,4492,0.37
5,LALIT KUMARI,Independent,3262,5,3267,0.27
6,SINOD KUMAR,Independent,1732,1,1733,0.14
7,RAJ KATHERIA,Independent,1463,1,1464,0.12
8,BHANU PRATAP SINGH DOHRE,Independent,1430,2,1432,0.12
9,SHAILENDRA KUMAR,Bharatiya Kisan Parivartan Party,1141,10,1151,0.09
10,YADVENDRA KISHOR,Independent,1061,1,1062,0.09
11,SUBHASH CHANDRA,All India Forward Bloc,799,2,801,0.07
12,SUNIL,Bhartiya Shakti Chetna Party,738,1,739,0.06
13,PRAMOD KUMAR YADAV,Bhartiya Krishak Dal,557,3,560,0.05
14,PURUSHOTTAM TIWARI,Independent,541,2,543,0.04
15,IRFAN ALI,Independent,463,7,470,0.04
16,NOTA,None of the Above,4805,13,4818,0.4
1,RAMESH AWASTHI,Bharatiya Janata Party,440609,2446,443055,49.93
2,ALOK MISRA,Indian National Congress,419469,2618,422087,47.56
3,KULDEEP BHADAURIYA,Bahujan Samaj Party,11843,189,12032,1.36
4,ASHOK PASWAN ADVOCATE,Sabhi Jan Party,1969,5,1974,0.22
5,ALOK MISHRA,Independent,1186,12,1198,0.14
6,MANOJ KUMAR,Independent,776,2,778,0.09
7,AJAY KUMAR MISHRA,Independent,671,1,672,0.08
8,PRASHAST DHEER,All India Forward Bloc,462,3,465,0.05
9,ARVIND KUMAR SRIVASTAVA,Independent,394,4,398,0.04
10,SANJAY SINGH,"Proutist Bloc, India",348,2,350,0.04
11,VALENDRA KATIYAR,Socialist Unity Centre Of India (COMMUNIST),267,3,270,0.03
12,NOTA,None of the Above,4048,69,4117,0.46
1,DEVENDRA SINGH ALIAS BHOLE SINGH,Bharatiya Janata Party,514256,3167,517423,47.6
2,RAJARAM PAL,Samajwadi Party,469766,3312,473078,43.52
3,RAJESH KUMAR DWIVEDI,Bahujan Samaj Party,72679,461,73140,6.73
4,RAJARAM,Independent,4629,13,4642,0.43
5,ASHOK PASWAN ADVOCATE,Sabhi Jan Party,3160,13,3173,0.29
6,CHANDRESH SINGH,Bhartiya Shakti Chetna Party,2641,13,2654,0.24
7,YOGESH JAISWAL,Independent,2529,14,2543,0.23
8,VIPIN KUMAR,Rashtriya Sanskriti Party,1489,5,1494,0.14
9,RAMGOPAL,Rashtriya Janutthan Party,1146,11,1157,0.11
10,NOTA,None of the Above,7523,126,7649,0.7
1,NARAYAN DAS AHIRWAR,Samajwadi Party,529444,736,530180,46.96
2,BHANU PRATAP SINGH VERMA,Bharatiya Janata Party,475232,1050,476282,42.19
3,SURESH CHANDRA GAUTAM,Bahujan Samaj Party,100105,143,100248,8.88
4,BRIJ MOHAN,Independent,4666,7,4673,0.41
5,NAGENDRA KUMAR,Bhartiya Shakti Chetna Party,3205,7,3212,0.28
6,PREMLATA VERMA,Independent,3176,24,3200,0.28
7,NOTA,None of the Above,11138,16,11154,0.99
1,ANURAG SHARMA,Bharatiya Janata Party,689438,878,690316,50.0
2,"PRADEEP JAIN ""ADITYA""",Indian National Congress,587000,702,587702,42.57
3,RAVI PRAKASH,Bahujan Samaj Party,63106,86,63192,4.58
4,LAKHAN LAL,Independent,6832,0,6832,0.49
5,RAMESH,Independent,6330,8,6338,0.46
6,GANESH RAM,Independent,2574,1,2575,0.19
7,CHANDAN SINGH,Apna Dal (Kamerawadi),2487,4,2491,0.18
8,DHARMENDRA PRATAP,Independent,2299,4,2303,0.17
9,INDRA SINGH,Independent,2076,2,2078,0.15
10,ER. DEEPAK KUMAR VERMA,Al-Hind Party,1375,2,1377,0.1
11,NOTA,None of the Above,15290,12,15302,1.11
1,AJENDRA SINGH LODHI,Samajwadi Party,490003,680,490683,44.0
2,KUNWAR PUSHPENDRA SINGH CHANDEL,Bharatiya Janata Party,487373,681,488054,43.76
3,NIRDOSH KUMAR DIXIT,Bahujan Samaj Party,94564,132,94696,8.49
4,ANUPAM KUMAR TRIPATHI,Bhartiya Shakti Chetna Party,6401,6,6407,0.57
5,BRIJESH KUMAR PAL,Rashtra Uday Party,4516,11,4527,0.41
6,BHUVANENDRA NARAYAN SINGH,Independent,4315,5,4320,0.39
7,SANTOSH KUMAR,Independent,3776,1,3777,0.34
8,RAJESH SINGH,Independent,3605,2,3607,0.32
9,SURESH KUMAR,Eklavya Samaj Party,2181,0,2181,0.2
10,SANJIV KUMAR,Spashtwadi Jan Aadhar Party,2003,0,2003,0.18
11,DHARMRAJ,Al-Hind Party,1589,2,1591,0.14
12,NOTA,None of the Above,13442,11,13453,1.21
1,KRISHNA DEVI SHIVSHANKER PATEL,Samajwadi Party,406018,549,406567,38.94
2,R. K. SINGH PATEL,Bharatiya Janata Party,334950,407,335357,32.12
3,MAYANK DWIVEDI,Bahujan Samaj Party,245530,215,245745,23.54
4,RAMCHANDRA SARAS,Communist Party of India,9436,2,9438,0.9
5,PANCHA URF PANCHAMLAL,Bhagidari Party(P),7714,3,7717,0.74
6,GULAB CHANDER BARMA,Rashtra Uday Party,5905,2,5907,0.57
7,RAMCHRAN,Independent,5419,4,5423,0.52
8,SURENDRA KUMAR,Swatantra Jantaraj Party,4380,2,4382,0.42
9,SHRIRAM SINGH GAUR,Bhartiya Shakti Chetna Party,3347,3,3350,0.32
10,DINESH KUMAR PATEL,Sardar Patel Siddhant Party,2507,1,2508,0.24
11,BABULAL,Log Party,2358,3,2361,0.23
12,PRAMOD AZAD,Apna Dal (Kamerawadi),2141,1,2142,0.21
13,NOTA,None of the Above,13226,9,13235,1.27
1,NARESH CHANDRA UTTAM PATEL,Samajwadi Party,499866,462,500328,45.2
2,NIRANJAN JYOTI,Bharatiya Janata Party,466249,880,467129,42.2
3,MANISH SINGH SACHAN,Bahujan Samaj Party,90897,73,90970,8.22
4,BIRENDRA SINGH,Independent,7917,3,7920,0.72
5,KAMLESH KUMAR SINGH,Parivartan Samaj Party,5212,7,5219,0.47
6,PANKAJ AWASTHI,Independent,4456,1,4457,0.4
7,RAMKISHOR,Rashtra Uday Party,4075,4,4079,0.37
8,JITENDRA KUMAR MAURYA,Independent,3333,3,3336,0.3
9,KULDEEP KUSHWAHA,Independent,2724,2,2726,0.25
10,RAJ BAHADUR,Peoples Party of India (Democratic),2653,1,2654,0.24
11,NIRAJ KUMAR,Akhil Bhartiya Parivar Party,2561,6,2567,0.23
12,RAM BIHARI,Bhartiya Shakti Chetna Party,2342,2,2344,0.21
13,NEERAJ LODHI,Vikas Insaf Party,2028,5,2033,0.18
14,JAY CHANDRA KUMAR,Vishwa Kalyan Rashtriya Manav Samaj Party,1602,2,1604,0.14
15,RAJESH KUMAR PATEL,Sardar Patel Siddhant Party,1449,9,1458,0.13
16,NOTA,None of the Above,8108,12,8120,0.73
1,CHANDRASHEKHAR,Aazad Samaj Party (Kanshi Ram),511812,740,512552,51.19
2,OM KUMAR,Bharatiya Janata Party,359751,1328,361079,36.06
3,MANOJ KUMAR,Samajwadi Party,102104,270,102374,10.22
4,SURENDRA PAL SINGH,Bahujan Samaj Party,13212,60,13272,1.33
5,JOGENDRA,Independent,4509,9,4518,0.45
6,SANJEEV KUMAR,Independent,2195,6,2201,0.22
7,NOTA,None of the Above,5287,20,5307,0.53
1,PUSHPENDRA SAROJ,Samajwadi Party,509175,612,509787,50.51
2,VINOD KUMAR SONKAR,Bharatiya Janata Party,405142,701,405843,40.21
3,SHUBH NARAYAN,Bahujan Samaj Party,55797,61,55858,5.53
4,PUSHPENDRA KUMAR SAROJ,Independent,5178,6,5184,0.51
5,NARENDRA KUMAR,Apna Dal (Kamerawadi),5127,4,5131,0.51
6,SANJAY KUMAR,Independent,4631,3,4634,0.46
7,RAJENDRA SONKAR URF PANNA BHAIYA,Independent,3421,0,3421,0.34
8,PRADEEP KUMAR,Independent,2539,2,2541,0.25
9,RAMESHWAR PRASAD,Bhartiya Shakti Chetna Party,2011,2,2013,0.2
10,RAM ASREY,Manavtawadi Samaj Party,1948,2,1950,0.19
11,NOTA,None of the Above,12958,9,12967,1.28
1,PRAVEEN PATEL,Bharatiya Janata Party,451380,1220,452600,44.6
2,AMAR NATH SINGH MAURYA,Samajwadi Party,446596,1672,448268,44.17
3,JAGANNATH PAL,Bahujan Samaj Party,82375,211,82586,8.14
4,MAHIMA PATEL,Apna Dal (Kamerawadi),4134,28,4162,0.41
5,JILA JEET BHARTIY,Bahujan Awam Party,3294,5,3299,0.33
6,SUNIL KUMAR PRAJAPATI,Bhagidari Party(P),3040,7,3047,0.3
7,ENGG YOGESH KUSHWAHA,Pragatisheel Samaj Party,2768,3,2771,0.27
8,AKHILESH TRIPATHI,Independent,2295,3,2298,0.23
9,NAFIS AHAMAD,Independent,2145,2,2147,0.21
10,DR NEERAJ,Independent,1702,8,1710,0.17
11,SANJEEV KUMAR MISHRA,Yuva Vikas Party,1675,4,1679,0.17
12,MUSHIR AHMAD SIDDIQUI,Peoples Party of India (Democratic),1505,1,1506,0.15
13,SANGEETA YADAV,Subhashwadi Bhartiya Samajwadi Party (Subhas Party),1283,8,1291,0.13
14,LALA RAM SAROJ,Prabuddhwadi Bahujan Morcha,1043,9,1052,0.1
15,PRAMOD BHAI PATEL URF P K,Sardar Patel Siddhant Party,947,1,948,0.09
16,NOTA,None of the Above,5445,15,5460,0.54
1,UJJWAL RAMAN SINGH,Indian National Congress,461100,1045,462145,48.8
2,NEERAJ TRIPATHI,Bharatiya Janata Party,402659,691,403350,42.59
3,RAMESH KUMAR PATEL,Bahujan Samaj Party,49045,99,49144,5.19
4,GOPAL SWROOP JOSHI,Independent,4248,0,4248,0.45
5,AJEET KUMAR PATEL,Pragatisheel Samaj Party,2641,1,2642,0.28
6,MOOLNIWASI HEMRAJ SINGH,Peoples Party of India (Democratic),2350,5,2355,0.25
7,GEETA RANI SHARMA,Independent,2197,0,2197,0.23
8,HANSHRAJ KOL,Apna Dal (Kamerawadi),2137,4,2141,0.23
9,RAJENDRA PRASAD PRAJAPATI,Bhagidari Party(P),1844,3,1847,0.2
10,AVANEESH KUMAR,Independent,1834,1,1835,0.19
11,ANUJ SWAROOP SHUKLA,Independent,1615,1,1616,0.17
12,SHIV PRASAD VISHWAKARMA,Samyak Party,1326,0,1326,0.14
13,SARVAJEET SINGH,Kamera Samaj Party,1177,0,1177,0.12
14,RAJDHAR SINGH PATEL,Rashtriya Samaj Dal (R),1024,1,1025,0.11
15,NOTA,None of the Above,9949,3,9952,1.05
1,TANUJ PUNIA,Indian National Congress,718528,1399,719927,55.78
2,RAJRANI RAWAT,Bharatiya Janata Party,503452,771,504223,39.07
3,SHIV KUMAR DOHAREY,Bahujan Samaj Party,39105,72,39177,3.04
4,BABOORAM,Independent,3669,0,3669,0.28
5,RAMLAKHAN PASI,Independent,2927,1,2928,0.23
6,MITHALESH KUMARI,Independent,2320,1,2321,0.18
7,DEVATADEEN GAUTAM,Independent,2172,1,2173,0.17
8,ASHA DEVI,Swatantrata Abhivyakti Party,2018,2,2020,0.16
9,PROF. (DR.) RAM GHULAM RAZDAN,Public Adhikar Socialist Indian Party,1493,0,1493,0.12
10,MAHENDRA KUMAR RAWAT,Awami Samta Party,1189,1,1190,0.09
11,OMKAR,Independent,1137,1,1138,0.09
12,ADVOCATE SANTOSH RAWAT,Dr. Bhimrao Ambedkar Dal,1076,2,1078,0.08
13,PREMCHANDRA HARIJAN,Sardar Patel Siddhant Party,1075,1,1076,0.08
14,NOTA,None of the Above,8220,1,8221,0.64
1,AWADHESH PRASAD,Samajwadi Party,553549,740,554289,48.59
2,LALLU SINGH,Bharatiya Janata Party,499002,720,499722,43.81
3,SACHIDANAND PANDEY,Bahujan Samaj Party,46347,60,46407,4.07
4,ARVIND SEN,Communist Party of India,15353,14,15367,1.35
5,SUNIL KUMAR BHATT,Independent,3826,1,3827,0.34
6,KANCHAN YADAV,Moulik Adhikar Party,2662,4,2666,0.23
7,AMBRISH DEV GUPTA,Bharat Mahaparivar Party,2216,2,2218,0.19
8,FAREED SALMANI,Independent,1779,1,1780,0.16
9,LAL MANI URF L.M. TRIPATHI (BHAI SAHAB),Independent,1717,0,1717,0.15
10,ANIL KUMAR RAVAT,Rashtriya Janshakti Samaj Party,1636,2,1638,0.14
11,JAGAT SINGH,Independent,1252,2,1254,0.11
12,BRAJENDRA DUTT TRIPATHI URF B. D. TRIPATHI,Adarshwaadi Congress Party,1163,10,1173,0.1
13,ARUN KUMAR,Independent,1063,4,1067,0.09
14,NOTA,None of the Above,7529,7,7536,0.66
1,LALJI VERMA,Samajwadi Party,543721,1238,544959,46.3
2,RITESH PANDEY,Bharatiya Janata Party,406851,861,407712,34.64
3,QAMAR HAYAT,Bahujan Samaj Party,199252,247,199499,16.95
4,NEELAM SINGH,Moolniwasi Samaj Party,4321,10,4331,0.37
5,SHABANA KHATOON,Peace Party,3983,7,3990,0.34
6,JAVED AHMAD SIDDIQUI,Independent,3857,3,3860,0.33
7,RAM NARESH PRAJAPATI,Bhagidari Party(P),3410,3,3413,0.29
8,VIVEK KUMAR,Bhartiya Shakti Chetna Party,1848,2,1850,0.16
9,NOTA,None of the Above,7429,19,7448,0.63
1,ANAND KUMAR,Bharatiya Janata Party,518575,227,518802,49.1
2,RAMESH CHANDRA,Samajwadi Party,454454,121,454575,43.02
3,DR. BRIJESH KUMAR,Bahujan Samaj Party,50422,26,50448,4.77
4,ARVIND KUMAR,Bhartiya Awam Party (Rastriya),6158,2,6160,0.58
5,RAMESH BALMIKI,Independent,3223,4,3227,0.31
6,BECHULAL,Independent,2919,1,2920,0.28
7,JANARDAN GOND,Independent,2672,1,2673,0.25
8,RAM MILAN,Sardar Patel Siddhant Party,1699,0,1699,0.16
9,RINKU SAHANI,Rashtra Dharak Dal,1681,2,1683,0.16
10,JAGRAM,Independent,1514,1,1515,0.14
11,NOTA,None of the Above,12862,2,12864,1.22
1,KARAN BHUSHAN SINGH,Bharatiya Janata Party,570436,827,571263,53.79
2,BHAGAT RAM,Samajwadi Party,422012,408,422420,39.77
3,NARENDRA PANDEY,Bahujan Samaj Party,44217,62,44279,4.17
4,ARUNIMA PANDEY,Independent,9230,20,9250,0.87
5,NOTA,None of the Above,14872,15,14887,1.4
1,RAM SHIROMANI VERMA,Samajwadi Party,510754,301,511055,48.83
2,SAKET MISRA,Bharatiya Janata Party,434192,190,434382,41.51
3,MUINUDDIN AHAMAD KHAN URF HAZI DADDAN KHAN,Bahujan Samaj Party,56225,26,56251,5.38
4,AHMAD JIYA KHAN,Peace Party,15630,0,15630,1.49
5,SHANTI DEVI,Independent,4010,1,4011,0.38
6,SUJEET KUMAR,Independent,3946,0,3946,0.38
7,YUGAL KISHOR SHUKLA,Aam Janta Party (India),2672,1,2673,0.26
8,KRISHNA KUMAR MAURYA,Samyak Party,2266,1,2267,0.22
9,MALIK RAM,Independent,2111,2,2113,0.2
10,ANIL KUMAR TIWARI,Independent,1513,1,1514,0.14
11,HANUMAN PRASAD MISHRA,Kisan Mazdoor Sangharsh Party,1494,1,1495,0.14
12,KUMARI GEETA GAUTAM,Rashtriya Janta Party,1317,2,1319,0.13
13,NOTA,None of the Above,9872,0,9872,0.94
1,KIRTIVARDHAN SINGH,Bharatiya Janata Party,473691,567,474258,49.77
2,SHREYA VERMA,Samajwadi Party,427363,671,428034,44.92
3,SAURABH,Bahujan Samaj Party,29388,41,29429,3.09
4,RAM UJAGAR,Independent,3535,0,3535,0.37
5,ARUNIMA PANDEY,Independent,3070,3,3073,0.32
6,RAGHAVENDRA,Bhartiya Shakti Chetna Party,2027,1,2028,0.21
7,RAJKUMAR,Independent,1988,1,1989,0.21
8,VINOD KUMAR SINGH,Bhartiya Uday Nirman Party,1482,1,1483,0.16
9,NOTA,None of the Above,9048,7,9055,0.95
1,RUCHI VIRA,Samajwadi Party,636733,630,637363,49.67
2,KUNWAR SARVESH KUMAR,Bharatiya Janata Party,530176,1425,531601,41.43
3,MO IRFAN,Bahujan Samaj Party,92116,197,92313,7.19
4,AJAY YADAV,Apna Haq Party,4084,10,4094,0.32
5,MUSHARRAT HUSAIN,Independent,2583,0,2583,0.2
6,SADHNA SINGH,Independent,2292,4,2296,0.18
7,MOHD JAMSHED,Independent,1717,2,1719,0.13
8,ONKAR SINGH,Bharatiya Bahujan Samta Party,1449,10,1459,0.11
9,SHAKIL AHMED,Samata Party,1356,0,1356,0.11
10,HAR KISHORE SINGH,Socialist Unity Centre Of India (COMMUNIST),940,0,940,0.07
11,AMARJEET SINGH JATAV,Independent,937,15,952,0.07
12,GANGARAM SHARMA,Rashtriya Congress(J) Party,629,56,685,0.05
13,NOTA,None of the Above,5807,17,5824,0.45
1,JAGDAMBIKA PAL,Bharatiya Janata Party,462614,689,463303,45.47
2,BHISHMA SHANKAR ALIAS KUSHAL TIWARI,Samajwadi Party,418910,1665,420575,41.27
3,AMAR SINGH CHAUDHARY,Aazad Samaj Party (Kanshi Ram),81182,123,81305,7.98
4,MD. NADEEM,Bahujan Samaj Party,35654,282,35936,3.53
5,NAUSHAD AZAM,Peace Party,5134,4,5138,0.5
6,KIRAN DEVI,Independent,3258,3,3261,0.32
7,NOTA,None of the Above,9431,16,9447,0.93
1,RAM PRASAD CHAUDHARY,Samajwadi Party,523487,3518,527005,48.67
2,HARISH CHANDRA ALIAS HARISH DWIVEDI,Bharatiya Janata Party,424604,1407,426011,39.34
3,LAVKUSH PATEL,Bahujan Samaj Party,102818,483,103301,9.54
4,PANKAJ DUBEY,Log Party,4624,3,4627,0.43
5,PREM KUMAR,Moulik Adhikar Party,3607,4,3611,0.33
6,HAFIZ ALI,All India Forward Bloc,2985,3,2988,0.28
7,RAM KARAN GAUTAM,Independent,2640,5,2645,0.24
8,PRAMOD KUMAR,Independent,2554,3,2557,0.24
9,SHAILENDRA KUMAR,Bharat Mahaparivar Party,2361,3,2364,0.22
10,NOTA,None of the Above,7742,19,7761,0.72
1,LAXMIKANT PAPPU NISHAD,Samajwadi Party,497488,1207,498695,45.7
2,PRAVIN KUMAR NISHAD,Bharatiya Janata Party,405611,914,406525,37.25
3,NADEEM ASHRAF,Bahujan Samaj Party,150549,263,150812,13.82
4,DHEERAJ SRIVASTAV,Pragatisheel Samaj Party,5135,5,5140,0.47
5,RAM KRISHNA DWIVEDI,Independent,4509,0,4509,0.41
6,SATYVANT PRATAP SINGH,Independent,4351,7,4358,0.4
7,KULDEEP,Sardar Patel Siddhant Party,3591,4,3595,0.33
8,MITRASEN,Independent,2535,9,2544,0.23
9,RAJENDRA YADAV URF COLONEL SAHAB,Sarvjan Awaz Party,2229,10,2239,0.21
10,ANAND KUMAR GAUTAM,Independent,1840,10,1850,0.17
11,SUBHASH CHANDRA DUBEY,Naki Bharatiya Ekta Party,1702,6,1708,0.16
12,NOTA,None of the Above,9210,17,9227,0.85
1,PANKAJ CHAUDHARY,Bharatiya Janata Party,590487,823,591310,48.85
2,VIRENDRA CHAUDHARY,Indian National Congress,555045,814,555859,45.92
3,MO MAUSME ALAM,Bahujan Samaj Party,32893,62,32955,2.72
4,BRIJESH,Abhay Samaj Party,8575,8,8583,0.71
5,CHHEDI MAJDOOR,Independent,3833,1,3834,0.32
6,RAMPRIT,Independent,3028,1,3029,0.25
7,SUNIL,Independent,2716,2,2718,0.22
8,VINOD KUMAR PATEL,Sardar Patel Siddhant Party,2415,3,2418,0.2
9,NOTA,None of the Above,9730,15,9745,0.81
1,RAVINDRA SHUKLA ALIAS RAVI KISHAN,Bharatiya Janata Party,584512,1322,585834,50.75
2,KAJAL NISHAD,Samajwadi Party,480788,1520,482308,41.78
3,JAVED ASHRAF ALIAS JAVED SIMNANI,Bahujan Samaj Party,55660,121,55781,4.83
4,ANAND KUMAR YADAV ALIAS ANAND KUMAR FAUJI,Bharatheeya Jawan Kisan Party,4946,9,4955,0.43
5,PINTU SAHANI,Independent,4031,1,4032,0.35
6,SHIVSHANKAR PRAJAPATI,Bhagidari Party(P),2631,4,2635,0.23
7,SUDHANSHU,Independent,2393,2,2395,0.21
8,SANJAY SINGH RANA,Bhartiya Sarvdharm Party,2011,1,2012,0.17
9,NAFEES AKHTAR,Independent,1880,0,1880,0.16
10,ANKIT SHAH,Bharatiya Yuva Jan Ekta Party,1871,3,1874,0.16
11,AMITA BHARATI,Independent,1356,8,1364,0.12
12,SONU RAI,Mera Adhikaar Rashtriya Dal,891,7,898,0.08
13,SHRIRAM PRASAD,Al-Hind Party,762,2,764,0.07
14,NOTA,None of the Above,7652,29,7681,0.67
1,VIJAY KUMAR DUBAY,Bharatiya Janata Party,516006,339,516345,47.79
2,AJAY PRATAP SINGH URF PINTU SAITHWAR,Samajwadi Party,434210,345,434555,40.22
3,SUBH NARAYAN CHAUHAN,Bahujan Samaj Party,67155,53,67208,6.22
4,SWAMI PRASAD MAURYA,Rashtriya Shoshit Samaj Party,36559,16,36575,3.39
5,HARIKESH,Azad Adhikar Sena,4094,3,4097,0.38
6,RAMCHANDRA SINGH,Independent,3619,2,3621,0.34
7,SUNIL KUMAR SHUKLA,Bhartiya Lok Nayak Party,3529,3,3532,0.33
8,AMIY UPADHYAY,Independent,2432,1,2433,0.23
9,VEDPRAKASH MISHRA,Subhashwadi Bhartiya Samajwadi Party (Subhas Party),2332,3,2335,0.22
10,NOTA,None of the Above,9774,8,9782,0.91
1,SHASHANK MANI,Bharatiya Janata Party,503509,1032,504541,48.36
2,AKHILESH PRATAP SINGH,Indian National Congress,467946,1753,469699,45.02
3,SANDESH,Bahujan Samaj Party,45446,118,45564,4.37
4,SATENDER KUMAR MALL,Independent,4149,9,4158,0.4
5,MUKTINATH SINGH,Janta Samta Party,3261,3,3264,0.31
6,AGAMSWAROOP,Rashtriya Samanta Dal,3180,2,3182,0.3
7,RAFIK ANSARI,Independent,2687,1,2688,0.26
8,NOTA,None of the Above,10203,9,10212,0.98
1,KAMLESH PASWAN,Bharatiya Janata Party,427528,1165,428693,45.38
2,SADAL PRASAD,Indian National Congress,423872,1671,425543,45.04
3,RAMSAMUJH,Bahujan Samaj Party,64567,183,64750,6.85
4,GAYA PRASAD,Independent,6629,9,6638,0.7
5,SHRVAN KUMAR NIRALA,Independent,4139,3,4142,0.44
6,HEERALAL,Independent,2597,0,2597,0.27
7,MURLI DHAR,Independent,1741,4,1745,0.18
8,RAJENDRA CHAUDHARI,Independent,1629,5,1634,0.17
9,NOTA,None of the Above,9006,15,9021,0.95
1,DAROGA PRASAD SAROJ,Samajwadi Party,437567,2392,439959,43.85
2,NEELAM SONKER,Bharatiya Janata Party,324106,830,324936,32.38
3,INDU CHAUDHRI,Bahujan Samaj Party,209308,745,210053,20.93
4,GANGADEEN,Communist Party of India,12263,8,12271,1.22
5,BALINDAR,Janta Kranti Party (Rashtravadi),4157,1,4158,0.41
6,SUSHMITA SAROJ,Independent,2621,5,2626,0.26
7,RAM PYARE SHARAN VIJAITA,Independent,2337,4,2341,0.23
8,NOTA,None of the Above,7075,19,7094,0.71
1,DHARMENDRA YADAV,Samajwadi Party,504837,3402,508239,48.2
2,DINESH LAL YADAV “NIRAHUA”,Bharatiya Janata Party,345725,1479,347204,32.93
3,MASHHOD SABEEHA ANSARI,Bahujan Samaj Party,179189,650,179839,17.05
4,RAVINDRA NATH SHARMA,Moulik Adhikar Party,3038,4,3042,0.29
5,PARAS YADAV,Jan Raajya Party,2489,2,2491,0.24
6,SHASHIDHAR,Independent,2227,5,2232,0.21
7,MAHENDRA NATH YADAV,Moolniwasi Samaj Party,1904,1,1905,0.18
8,VIJAY KUMAR,Independent,1733,2,1735,0.16
9,PANKAJ KUMAR YADAV,Independent,1595,4,1599,0.15
10,NOTA,None of the Above,6211,23,6234,0.59
1,MOHIBBULLAH,Samajwadi Party,481252,251,481503,49.74
2,GHANSHYAM SINGH LODHI,Bharatiya Janata Party,393154,915,394069,40.71
3,ZEESHAN KHAN,Bahujan Samaj Party,79561,131,79692,8.23
4,ARSHAD WARSI,Minorities Democratic Party,2919,8,2927,0.3
5,MEHMOOD PRACHA,Independent,2750,9,2759,0.28
6,SHIV PRASAD,Independent,1465,11,1476,0.15
7,NOTA,None of the Above,5643,10,5653,0.58
1,RAJEEV RAI,Samajwadi Party,501407,1724,503131,43.73
2,DR. ARVIND RAJBHAR,Suheldev Bharatiya Samaj Party,339416,772,340188,29.57
3,BALKRISHNA CHAUHAN,Bahujan Samaj Party,208938,466,209404,18.2
4,LILAWATI RAJBHAR,Moolniwasi Samaj Party,47520,7,47527,4.13
5,PAWAN KUMAR CHAUHAN,Independent,7067,10,7077,0.62
6,VINOD KUMAR RAI,Communist Party of India,6987,6,6993,0.61
7,ROLI GUPTA,Akhil Bhartiya Hamara Samaj Party,4211,14,4225,0.37
8,VIRENDRA,Rashtriya Jantantrik Bharat Vikas Party,2344,3,2347,0.2
9,VIJAY,Socialist Unity Centre Of India (COMMUNIST),2240,1,2241,0.19
10,AWADHESH KUMAR CHAUHAN,Janta Kranti Party (Rashtravadi),2211,28,2239,0.19
11,SATISH CHAND PRAJAPATI FAUJI,Samajhdar Party,1918,3,1921,0.17
12,MADAN RAJBHAR,Mang Samaj Party,1895,10,1905,0.17
13,SAUDAGER,Independent,1892,0,1892,0.16
14,RAJENDRA RAM,Independent,1649,0,1649,0.14
15,YAKUB ANSARI,Peace Party,1568,5,1573,0.14
16,PREM CHAND,Pragatisheel Manav Samaj Party,1559,2,1561,0.14
17,SANTOSH KUMAR GUPTA,Janlok Vikas Party,1473,0,1473,0.13
18,JYOTIRMA PATHAK,Independent,1199,5,1204,0.1
19,BADRI NATH,Independent,1164,6,1170,0.1
20,PREMCHAND NAYAK,Independent,1116,1,1117,0.1
21,RAMNARESH YADAV,Jan Raajya Party,881,4,885,0.08
22,RAJIV KUMAR SINGH,Independent,855,2,857,0.07
23,ISHWAR DAYAL SINGH SETH,Bhartiya Sabka Dal,827,14,841,0.07
24,PRAGYESH KUMAR,Independent,816,2,818,0.07
25,RAMVACHAN,Sardar Patel Siddhant Party,771,2,773,0.07
26,RAJENDRA AGRAWAL,Independent,729,1,730,0.06
27,GOPAL SINGH,Azad Adhikar Sena,729,8,737,0.06
28,ISMAIL ANSARI,Aawami Pichhada Party,592,2,594,0.05
29,NOTA,None of the Above,3487,31,3518,0.31
1,RAMASHANKAR RAJBHAR,Samajwadi Party,403616,1856,405472,44.2
2,RAVINDAR KUSHAWAHA,Bharatiya Janata Party,400489,1410,401899,43.81
3,BHIM RAJBHAR,Bahujan Samaj Party,80291,308,80599,8.79
4,JAIBAHADUR ALIAS JAIBAHADUR CHAUHAN,Janta Kranti Party (Rashtravadi),8241,22,8263,0.9
5,SHREENARAYAN MISHRA,Akhil Bhartiya Sarvjan Hit Party,3878,14,3892,0.42
6,SADDAM HUSSAIN,Independent,3210,5,3215,0.35
7,SHRIKRISHNA,Independent,2527,5,2532,0.28
8,AMRESH THAKUR,Independent,2147,9,2156,0.24
9,SURYA PRAKASH GAUTAM,Sardar Patel Siddhant Party,1782,3,1785,0.19
10,NOTA,None of the Above,7520,29,7549,0.82
1,SANATAN PANDEY,Samajwadi Party,464473,2595,467068,46.37
2,NEERAJ SHEKHAR,Bharatiya Janata Party,421277,2407,423684,42.06
3,LALLAN SINGH YADAV,Bahujan Samaj Party,84943,262,85205,8.46
4,SUMESHWAR,Independent,5056,0,5056,0.5
5,SHESHNATH,Independent,3587,1,3588,0.36
6,RAVI KANT SINGH ALIAS RAVI PATEL,Sardar Patel Siddhant Party,3174,7,3181,0.32
7,RAMNIVAS GOND,Gondvana Gantantra Party,2642,30,2672,0.27
8,SURYA BALI PRASAD,Aazad Samaj Party (Kanshi Ram),2143,5,2148,0.21
9,RANJANA,Independent,1871,7,1878,0.19
10,ASHOK GUPTA,Independent,1339,8,1347,0.13
11,MANINDR,Independent,1186,1,1187,0.12
12,AVADHESH VERMA,Independent,1150,11,1161,0.12
13,PRAKASH KUMAR,Independent,960,0,960,0.1
14,NOTA,None of the Above,8167,20,8187,0.81
1,BABU SINGH KUSHWAHA,Samajwadi Party,506076,3054,509130,46.21
2,KRIPASHANKAR SINGH,Bharatiya Janata Party,408512,1283,409795,37.19
3,SHYAM SINGH YADAV,Bahujan Samaj Party,156691,446,157137,14.26
4,SARFARAZ AHMAD,Independent,2750,0,2750,0.25
5,ASHOK SINGH,Samaj Vikas Kranti Party,2749,6,2755,0.25
6,JIYALAL PRAJAPATI,Bhagidari Party(P),2232,3,2235,0.2
7,SHRIPATI MAURYA,Independent,2091,3,2094,0.19
8,SHAH ALAM,Apna Dal (Kamerawadi),2003,0,2003,0.18
9,FULACHANDR,Moulik Adhikar Party,1632,1,1633,0.15
10,KRIPASHANKAR C PANDEY,Independent,1446,1,1447,0.13
11,GOVIND LAL,Independent,1387,2,1389,0.13
12,RAM PYARE,Socialist Unity Centre Of India (COMMUNIST),1160,1,1161,0.11
13,NISHA PATEL,Sardar Patel Siddhant Party,1125,3,1128,0.1
14,BHARAT RAM,Pachchasi Parivartan Samaj Party,802,0,802,0.07
15,NOTA,None of the Above,6301,28,6329,0.57
1,PRIYA SAROJ,Samajwadi Party,449561,1731,451292,42.57
2,BHOLANATH (B.P. SAROJ),Bharatiya Janata Party,414494,948,415442,39.19
3,KRIPA SHANKAR SAROJ,Bahujan Samaj Party,156930,361,157291,14.84
4,SHRAVAN KUMAR,Independent,5804,3,5807,0.55
5,URMILA,Samaj Parivartan Party,5296,7,5303,0.5
6,SUBAS,Independent,3691,2,3693,0.35
7,RANG BAHADUR,Independent,2715,3,2718,0.26
8,BRIJESH KUMAR SAROJ,Prabuddhwadi Bahujan Morcha,2365,0,2365,0.22
9,RAJENDRA PRASAD,Rashtra Uday Party,2066,1,2067,0.19
10,RAM MILAN,Sardar Patel Siddhant Party,1713,3,1716,0.16
11,KAMLESH,Azad Samaj Party,1698,4,1702,0.16
12,BRIJESH KUMAR,Prithviraj Janshakti Party,1362,2,1364,0.13
13,NOTA,None of the Above,9277,26,9303,0.88
1,AFZAL ANSARI,Samajwadi Party,537784,2128,539912,46.82
2,PARS NATH RAI,Bharatiya Janata Party,413518,1533,415051,35.99
3,UMESH KUMAR SINGH,Bahujan Samaj Party,164601,363,164964,14.31
4,AJAY,Vishwa Kalyan Rashtriya Manav Samaj Party,5068,6,5074,0.44
5,NUSRAT ANSARI,Independent,4567,49,4616,0.4
6,ADITYA SHRIVASTAV,Yuga Thulasi Party,3312,4,3316,0.29
7,SATYDEV YADAV,Independent,3163,9,3172,0.28
8,GYANCHANDRA BIND,Independent,3127,8,3135,0.27
9,RAMPRAVESH,Moulik Adhikar Party,2830,3,2833,0.25
10,DHANANJAY KUMAR TIWARI,Bhartiya Lokvani Party,1949,7,1956,0.17
11,NOTA,None of the Above,9033,32,9065,0.79
1,BIRENDRA SINGH,Samajwadi Party,472928,1548,474476,42.5
2,DR. MAHENDRA NATH PANDEY,Bharatiya Janata Party,451802,1109,452911,40.57
3,SATYENDRA KUMAR MAURYA,Bahujan Samaj Party,159585,318,159903,14.32
4,SHOBHANATH PRAJAPATI,Bhagidari Party(P),4027,5,4032,0.36
5,SHER SINGH,Yuga Thulasi Party,3090,6,3096,0.28
6,SANTOSH KUMAR,Independent,2965,4,2969,0.27
7,RAJESH VISHWAKARMA,Moulik Adhikar Party,2759,3,2762,0.25
8,ARVIND KUMAR PATEL,Sardar Patel Siddhant Party,2734,11,2745,0.25
9,SANJAY KUMAR SINHA,Jai Hind National Party,2617,6,2623,0.23
10,RAM GOVIND,Samajhdar Party,1975,2,1977,0.18
11,NOTA,None of the Above,8987,18,9005,0.81
1,NARENDRA MODI,Bharatiya Janata Party,611439,1531,612970,54.24
2,AJAY RAI,Indian National Congress,459084,1373,460457,40.74
3,ATHER JAMAL LARI,Bahujan Samaj Party,33646,120,33766,2.99
4,KOLISETTY SHIVA KUMAR,Yuga Thulasi Party,5748,2,5750,0.51
5,GAGAN PRAKASH YADAV,Apna Dal (Kamerawadi),3619,15,3634,0.32
6,DINESH KUMAR YADAV,Independent,2912,5,2917,0.26
7,SANJAY KUMAR TIWARI,Independent,2170,1,2171,0.19
8,NOTA,None of the Above,8463,15,8478,0.75
1,DR. VINOD KUMAR BIND,Bharatiya Janata Party,458877,1105,459982,42.39
2,LALITESHPATI TRIPATHI,All India Trinamool Congress,414131,1779,415910,38.33
3,HARISHANKAR,Bahujan Samaj Party,154718,335,155053,14.29
4,PREMCHAND BIND,Pragatisheel Manav Samaj Party,13655,34,13689,1.26
5,RAJ NARAYAN PATEL,Sardar Patel Siddhant Party,6198,8,6206,0.57
6,RAM PRAKASH MISHRA,Rashtriya Samaj Paksha,5266,4,5270,0.49
7,SUSHIL,All India Forward Bloc,5254,7,5261,0.48
8,DR. SHYAMDHAR TIWARI,Independent,4842,6,4848,0.45
9,KRISHNA DEV,Rashtra Uday Party,4590,7,4597,0.42
10,DHIRENDRA KUMAR TIWARI,Independent,2944,4,2948,0.27
11,NOTA,None of the Above,11222,7,11229,1.03
1,ANUPRIYA PATEL,Apna Dal (Soneylal),470866,765,471631,42.67
2,RAMESH CHAND BIND,Samajwadi Party,433286,535,433821,39.25
3,MANISH KUMAR,Bahujan Samaj Party,144279,167,144446,13.07
4,RAJESH,Independent,10927,9,10936,0.99
5,LAL JI VERMA,Independent,6355,4,6359,0.58
6,ANIL KUMAR,Eklavya Samaj Party,6166,5,6171,0.56
7,DAULAT SINGH,Apna Dal (Kamerawadi),5227,8,5235,0.47
8,RAMDHANI,Rashtriya Samaj Paksha,4914,1,4915,0.44
9,SAMEER SINGH,All India Forward Bloc,3486,1,3487,0.32
10,SATYADEV,Purvanchal Mahapanchayat,3351,4,3355,0.3
11,NOTA,None of the Above,15043,6,15049,1.36
1,ZIA UR REHMAN,Samajwadi Party,570745,416,571161,47.8
2,PARMESHWAR LAL SAINI,Bharatiya Janata Party,448983,684,449667,37.63
3,CHAUDHARY SAULAT ALI,Bahujan Samaj Party,152317,143,152460,12.76
4,WASEEM SO MOH SHAMIM,Independent,3863,1,3864,0.32
5,MOHD WASEEM SO MOHD FAREED,Independent,2077,0,2077,0.17
6,JAYGAMUL ISLAM,Janta Shashan Party,1940,2,1942,0.16
7,ANUJ VARSHNEY,Independent,1674,3,1677,0.14
8,MAHANDRA SINGH,Independent,1291,3,1294,0.11
9,SANTOSH,Kisan Kranti Dal,1201,3,1204,0.1
10,DR RASHID,Peace Party,1059,1,1060,0.09
11,TAUFIK AHAMAD,Independent,722,1,723,0.06
12,PAVAN KUMAR,Log Party,636,1,637,0.05
13,NOTA,None of the Above,7213,4,7217,0.6
1,CHHOTELAL,Samajwadi Party,465240,608,465848,46.14
2,RINKI SINGH,Apna Dal (Soneylal),336344,270,336614,33.34
3,DHANESHWAR,Bahujan Samaj Party,118669,109,118778,11.77
4,ASHOK KUMAR KANNAUJIYA,Communist Party of India,23830,22,23852,2.36
5,SUBHAGI,Janhit Sankalp Party,8191,3,8194,0.81
6,ARVIND KUMAR BHARTI,Rashtriya Samanta Dal,7583,9,7592,0.75
7,SUKALU,Independent,6701,11,6712,0.66
8,SHIVPUJAN,Rashtriya Samaj Paksha,6422,22,6444,0.64
9,SONU NIGAM,Independent,6142,2,6144,0.61
10,CHANDRIKA PRASAD,Janta Kranti Party (Rashtravadi),3732,9,3741,0.37
11,PRABHUDAYAL,Rashtriya Samaj Dal (R),3470,1,3471,0.34
12,RAM SHIROMANI,Sardar Patel Siddhant Party,3116,7,3123,0.31
13,NOTA,None of the Above,19019,13,19032,1.89
1,KANWAR SINGH TANWAR,Bharatiya Janata Party,475210,1296,476506,42.9
2,KUNWAR DANISH ALI,Indian National Congress,447343,493,447836,40.32
3,MUJAHID HUSAIN,Bahujan Samaj Party,163885,214,164099,14.77
4,DHANISH,Independent,3615,2,3617,0.33
5,SURESH,Independent,2716,1,2717,0.24
6,JEETPAL RANA,Independent,2550,6,2556,0.23
7,SUHEL HAIDER,Akhil Bhartiya Parivar Party,2492,12,2504,0.23
8,NARENDRA SINGH,Independent,1776,3,1779,0.16
9,NAEEMUDDIN,Independent,1002,2,1004,0.09
10,KUSHAGRA,Independent,856,2,858,0.08
11,KASHIF HUSAIN,Independent,677,2,679,0.06
12,KUMDESH KUMAR,Independent,627,8,635,0.06
13,NOTA,None of the Above,5886,14,5900,0.53
